POISSON
-19.0 1.0 1.0 1.0 1.0 1.0 1.0 1.0 1.0 1.0 1.0 1.0 1.0 1.0 1.0 1.0 1.0 1.0 1.0 1.0
1.0 -19.0 1.0 1.0 1.0 1.0 1.0 1.0 1.0 1.0 1.0 1.0 1.0 1.0 1.0 1.0 1.0 1.0 1.0 1.0
1.0 1.0 -19.0 1.0 1.0 1.0 1.0 1.0 1.0 1.0 1.0 1.0 1.0 1.0 1.0 1.0 1.0 1.0 1.0 1.0
1.0 1.0 1.0 -19.0 1.0 1.0 1.0 1.0 1.0 1.0 1.0 1.0 1.0 1.0 1.0 1.0 1.0 1.0 1.0 1.0
1.0 1.0 1.0 1.0 -19.0 1.0 1.0 1.0 1.0 1.0 1.0 1.0 1.0 1.0 1.0 1.0 1.0 1.0 1.0 1.0
1.0 1.0 1.0 1.0 1.0 -19.0 1.0 1.0 1.0 1.0 1.0 1.0 1.0 1.0 1.0 1.0 1.0 1.0 1.0 1.0
1.0 1.0 1.0 1.0 1.0 1.0 -19.0 1.0 1.0 1.0 1.0 1.0 1.0 1.0 1.0 1.0 1.0 1.0 1.0 1.0
1.0 1.0 1.0 1.0 1.0 1.0 1.0 -19.0 1.0 1.0 1.0 1.0 1.0 1.0 1.0 1.0 1.0 1.0 1.0 1.0
1.0 1.0 1.0 1.0 1.0 1.0 1.0 1.0 -19.0 1.0 1.0 1.0 1.0 1.0 1.0 1.0 1.0 1.0 1.0 1.0
1.0 1.0 1.0 1.0 1.0 1.0 1.0 1.0 1.0 -19.0 1.0 1.0 1.0 1.0 1.0 1.0 1.0 1.0 1.0 1.0
1.0 1.0 1.0 1.0 1.0 1.0 1.0 1.0 1.0 1.0 -19.0 1.0 1.0 1.0 1.0 1.0 1.0 1.0 1.0 1.0
1.0 1.0 1.0 1.0 1.0 1.0 1.0 1.0 1.0 1.0 1.0 -19.0 1.0 1.0 1.0 1.0 1.0 1.0 1.0 1.0
1.0 1.0 1.0 1.0 1.0 1.0 1.0 1.0 1.0 1.0 1.0 1.0 -19.0 1.0 1.0 1.0 1.0 1.0 1.0 1.0
1.0 1.0 1.0 1.0 1.0 1.0 1.0 1.0 1.0 1.0 1.0 1.0 1.0 -19.0 1.0 1.0 1.0 1.0 1.0 1.0
1.0 1.0 1.0 1.0 1.0 1.0 1.0 1.0 1.0 1.0 1.0 1.0 1.0 1.0 -19.0 1.0 1.0 1.0 1.0 1.0
1.0 1.0 1.0 1.0 1.0 1.0 1.0 1.0 1.0 1.0 1.0 1.0 1.0 1.0 1.0 -19.0 1.0 1.0 1.0 1.0
1.0 1.0 1.0 1.0 1.0 1.0 1.0 1.0 1.0 1.0 1.0 1.0 1.0 1.0 1.0 1.0 -19.0 1.0 1.0 1.0
1.0 1.0 1.0 1.0 1.0 1.0 1.0 1.0 1.0 1.0 1.0 1.0 1.0 1.0 1.0 1.0 1.0 -19.0 1.0 1.0
1.0 1.0 1.0 1.0 1.0 1.0 1.0 1.0 1.0 1.0 1.0 1.0 1.0 1.0 1.0 1.0 1.0 1.0 -19.0 1.0
1.0 1.0 1.0 1.0 1.0 1.0 1.0 1.0 1.0 1.0 1.0 1.0 1.0 1.0 1.0 1.0 1.0 1.0 1.0 -19.0

DAYHOFF
-2315.0 27.0 98.0 120.0 36.0 89.0 198.0 240.0 23.0 65.0 41.0 26.0 72.0 18.0 250.0 409.0 371.0 0.0 24.0 208.0
27.0 -1741.0 32.0 0.0 23.0 246.0 1.0 9.0 240.0 64.0 15.0 464.0 90.0 14.0 103.0 154.0 26.0 201.0 8.0 24.0
98.0 32.0 -3303.0 905.0 0.0 103.0 148.0 139.0 535.0 77.0 34.0 318.0 1.0 14.0 42.0 495.0 229.0 23.0 95.0 15.0
120.0 0.0 905.0 -2810.0 0.0 134.0 1153.0 125.0 86.0 24.0 0.0 71.0 0.0 0.0 13.0 95.0 66.0 0.0 0.0 18.0
36.0 23.0 0.0 0.0 -483.0 0.0 0.0 11.0 28.0 44.0 0.0 0.0 0.0 0.0 19.0 161.0 16.0 0.0 96.0 49.0
89.0 246.0 103.0 134.0 0.0 -2577.0 716.0 28.0 606.0 18.0 73.0 153.0 114.0 0.0 153.0 56.0 53.0 0.0 0.0 35.0
198.0 1.0 148.0 1153.0 0.0 716.0 -2748.0 81.0 43.0 61.0 11.0 83.0 30.0 0.0 51.0 79.0 34.0 0.0 22.0 37.0
240.0 9.0 139.0 125.0 11.0 28.0 81.0 -1061.0 10.0 0.0 7.0 27.0 17.0 15.0 34.0 234.0 30.0 0.0 0.0 54.0
23.0 240.0 535.0 86.0 28.0 606.0 43.0 10.0 -2045.0 7.0 44.0 26.0 0.0 48.0 94.0 35.0 22.0 27.0 127.0 44.0
65.0 64.0 77.0 24.0 44.0 18.0 61.0 0.0 7.0 -2349.0 257.0 46.0 336.0 196.0 12.0 24.0 192.0 0.0 37.0 889.0
41.0 15.0 34.0 0.0 0.0 73.0 11.0 7.0 44.0 257.0 -1515.0 18.0 527.0 157.0 32.0 17.0 33.0 46.0 28.0 175.0
26.0 464.0 318.0 71.0 0.0 153.0 83.0 27.0 26.0 46.0 18.0 -1763.0 243.0 0.0 33.0 96.0 136.0 0.0 13.0 10.0
72.0 90.0 1.0 0.0 0.0 114.0 30.0 17.0 0.0 336.0 527.0 243.0 -1963.0 92.0 17.0 62.0 104.0 0.0 0.0 258.0
18.0 14.0 14.0 0.0 0.0 0.0 0.0 15.0 48.0 196.0 157.0 0.0 92.0 -1410.0 11.0 46.0 13.0 76.0 698.0 12.0
250.0 103.0 42.0 13.0 19.0 153.0 51.0 34.0 94.0 12.0 32.0 33.0 17.0 11.0 -1235.0 245.0 78.0 0.0 0.0 48.0
409.0 154.0 495.0 95.0 161.0 56.0 79.0 234.0 35.0 24.0 17.0 96.0 62.0 46.0 245.0 -2897.0 550.0 75.0 34.0 30.0
371.0 26.0 229.0 66.0 16.0 53.0 34.0 30.0 22.0 192.0 33.0 136.0 104.0 13.0 78.0 550.0 -2152.0 0.0 42.0 157.0
0.0 201.0 23.0 0.0 0.0 0.0 0.0 0.0 27.0 0.0 46.0 0.0 0.0 76.0 0.0 75.0 0.0 -509.0 61.0 0.0
24.0 8.0 95.0 0.0 96.0 0.0 22.0 0.0 127.0 37.0 28.0 13.0 0.0 698.0 0.0 34.0 42.0 61.0 -1313.0 28.0
208.0 24.0 15.0 18.0 49.0 35.0 37.0 54.0 44.0 889.0 175.0 10.0 258.0 12.0 48.0 30.0 157.0 0.0 28.0 -2091.0

DCMUT
-2301.7091 26.7828 98.4474 119.9805 36.0016 88.7753 196.1167 238.6111 22.8116 65.3416 40.6431 25.8635 71.784 18.3641 248.592 405.187 368.0365 0.0 24.4139 205.9564
26.7828 -1731.4446000000003 32.7059 0.0 23.2374 243.9939 0.0 8.7791 238.3148 63.2629 15.4924 461.0124 89.6321 13.6906 102.8313 153.159 26.5745 200.1375 7.8012 24.0368
98.4474 32.7059 -3274.3161 893.1515 0.0 102.8509 149.3409 138.5352 529.0024 76.8024 34.1113 314.8371 0.0 13.8503 41.9244 488.5892 227.1697 22.4968 94.694 15.8067
119.9805 0.0 893.1515 -2786.3196000000003 0.0 134.8551 1138.8659 124.0981 86.8241 23.9248 0.0 71.6913 0.0 0.0 13.394 95.6097 66.093 0.0 0.0 17.8316
36.0016 23.2374 0.0 0.0 -480.6585 0.0 0.0 10.7278 28.2729 43.8074 0.0 0.0 0.0 0.0 18.755 159.8356 16.2366 0.0 95.3164 48.4678
88.7753 243.9939 102.8509 134.8551 0.0 -2560.236 708.6022 28.1581 601.1613 18.0393 73.0772 151.9078 112.7499 0.0 152.6188 56.1828 52.5651 0.0 0.0 34.6983
196.1167 0.0 149.3409 1138.8659 0.0 708.6022 -2726.1045000000004 81.1907 43.9469 60.9526 11.288 83.0078 30.4803 0.0 50.7003 79.3999 34.0156 0.0 21.4717 36.725
238.6111 8.7791 138.5352 124.0981 10.7278 28.1581 81.1907 -1058.5073 10.6802 0.0 7.1514 26.7683 17.0372 15.3478 34.7153 232.2243 30.6662 0.0 0.0 53.8165
22.8116 238.3148 529.0024 86.8241 28.2729 601.1613 43.9469 10.6802 -2036.5393 7.6981 44.3504 27.0475 0.0 47.5927 93.3709 35.3643 22.6333 27.0564 126.54 43.8715
65.3416 63.2629 76.8024 23.9248 43.8074 18.0393 60.9526 0.0 7.6981 -2335.3234 255.6685 46.0857 333.2732 195.1951 11.9152 24.7955 190.0739 0.0 37.4834 881.0038
40.6431 15.4924 34.1113 0.0 0.0 73.0772 11.288 7.1514 44.3504 255.6685 -1510.6010999999999 18.0629 523.0115 156.516 31.6258 17.1432 33.109 46.1776 28.6572 174.5156
25.8635 461.0124 314.8371 71.6913 0.0 151.9078 83.0078 26.7683 27.0475 46.0857 18.0629 -1755.1149 241.1739 0.0 33.5419 95.4557 135.0599 0.0 13.2142 10.385
71.784 89.6321 0.0 0.0 0.0 112.7499 30.4803 17.0372 0.0 333.2732 523.0115 241.1739 -1950.0926 92.186 17.0205 61.9951 103.1534 0.0 0.0 256.5955
18.3641 13.6906 13.8503 0.0 0.0 0.0 0.0 15.3478 47.5927 195.1951 156.516 0.0 92.186 -1407.3076999999998 11.0506 45.9901 13.6655 76.2354 695.2629 12.3606
248.592 102.8313 41.9244 13.394 18.755 152.6188 50.7003 34.7153 93.3709 11.9152 31.6258 33.5419 17.0205 11.0506 -1231.5644999999997 242.7202 78.2857 0.0 0.0 48.5026
405.187 153.159 488.5892 95.6097 159.8356 56.1828 79.3999 232.2243 35.3643 24.7955 17.1432 95.4557 61.9951 45.9901 242.7202 -2875.413400000001 543.6674 74.0819 33.6289 30.3836
368.0365 26.5745 227.1697 66.093 16.2366 52.5651 34.0156 30.6662 22.6333 190.0739 33.109 135.0599 103.1534 13.6655 78.2857 543.6674 -2138.9889 0.0 41.7839 156.1997
0.0 200.1375 22.4968 0.0 0.0 0.0 0.0 0.0 27.0564 0.0 46.1776 0.0 0.0 76.2354 0.0 74.0819 0.0 -506.9926 60.807 0.0
24.4139 7.8012 94.694 0.0 95.3164 0.0 21.4717 0.0 126.54 37.4834 28.6572 13.2142 0.0 695.2629 0.0 33.6289 41.7839 60.807 -1309.0125999999998 27.9379
205.9564 24.0368 15.8067 17.8316 48.4678 34.6983 36.725 53.8165 43.8715 881.0038 174.5156 10.385 256.5955 12.3606 48.5026 30.3836 156.1997 0.0 27.9379 -2079.0949

JTT
-2152.0 58.0 54.0 81.0 56.0 57.0 105.0 179.0 27.0 36.0 30.0 35.0 54.0 15.0 194.0 378.0 475.0 9.0 11.0 298.0
58.0 -2193.0 45.0 16.0 113.0 310.0 29.0 137.0 328.0 22.0 38.0 646.0 44.0 5.0 74.0 101.0 64.0 126.0 20.0 17.0
54.0 45.0 -2483.0 528.0 34.0 86.0 58.0 81.0 391.0 47.0 12.0 263.0 30.0 10.0 15.0 503.0 232.0 8.0 70.0 16.0
81.0 16.0 528.0 -1949.0 10.0 49.0 767.0 130.0 112.0 11.0 7.0 26.0 15.0 4.0 15.0 59.0 38.0 4.0 46.0 31.0
56.0 113.0 34.0 10.0 -1176.0 9.0 5.0 59.0 69.0 17.0 23.0 7.0 31.0 78.0 14.0 223.0 42.0 115.0 209.0 62.0
57.0 310.0 86.0 49.0 9.0 -2207.0 323.0 26.0 597.0 9.0 72.0 292.0 43.0 4.0 164.0 53.0 51.0 18.0 24.0 20.0
105.0 29.0 58.0 767.0 5.0 323.0 -1799.0 119.0 26.0 12.0 9.0 181.0 18.0 5.0 18.0 30.0 32.0 10.0 7.0 45.0
179.0 137.0 81.0 130.0 59.0 26.0 119.0 -1180.0 23.0 6.0 6.0 27.0 14.0 5.0 24.0 201.0 33.0 55.0 8.0 47.0
27.0 328.0 391.0 112.0 69.0 597.0 26.0 23.0 -2589.0 16.0 56.0 45.0 33.0 40.0 115.0 73.0 46.0 8.0 573.0 11.0
36.0 22.0 47.0 11.0 17.0 9.0 12.0 6.0 16.0 -2291.0 229.0 21.0 479.0 89.0 10.0 40.0 245.0 9.0 32.0 961.0
30.0 38.0 12.0 7.0 23.0 72.0 9.0 6.0 56.0 229.0 -1574.0 14.0 388.0 248.0 102.0 59.0 25.0 52.0 24.0 180.0
35.0 646.0 263.0 26.0 7.0 292.0 181.0 27.0 45.0 21.0 14.0 -1829.0 65.0 4.0 21.0 47.0 103.0 10.0 8.0 14.0
54.0 44.0 30.0 15.0 31.0 43.0 18.0 14.0 33.0 479.0 388.0 65.0 -1893.0 43.0 16.0 29.0 226.0 24.0 18.0 323.0
15.0 5.0 10.0 4.0 78.0 4.0 5.0 5.0 40.0 89.0 248.0 4.0 43.0 -1322.0 17.0 92.0 12.0 53.0 536.0 62.0
194.0 74.0 15.0 15.0 14.0 164.0 18.0 24.0 115.0 10.0 102.0 21.0 16.0 17.0 -1241.0 285.0 118.0 6.0 10.0 23.0
378.0 101.0 503.0 59.0 223.0 53.0 30.0 201.0 73.0 40.0 59.0 47.0 29.0 92.0 285.0 -2786.0 477.0 35.0 63.0 38.0
475.0 64.0 232.0 38.0 42.0 51.0 32.0 33.0 46.0 245.0 25.0 103.0 226.0 12.0 118.0 477.0 -2364.0 12.0 21.0 112.0
9.0 126.0 8.0 4.0 115.0 18.0 10.0 55.0 8.0 9.0 52.0 10.0 24.0 53.0 6.0 35.0 12.0 -650.0 71.0 25.0
11.0 20.0 70.0 46.0 209.0 24.0 7.0 8.0 573.0 32.0 24.0 8.0 18.0 536.0 10.0 63.0 21.0 71.0 -1767.0 16.0
298.0 17.0 16.0 31.0 62.0 20.0 45.0 47.0 11.0 961.0 180.0 14.0 323.0 62.0 23.0 38.0 112.0 25.0 16.0 -2301.0

MTREV
-1678.9 23.18 26.95 17.67 59.93 1.9 9.77 120.71 13.9 96.49 25.46 8.36 141.88 6.37 54.31 387.86 480.72 1.9 6.48 195.06
23.18 -781.5200000000001 13.24 1.9 103.33 220.99 1.9 23.03 165.23 1.9 15.58 141.4 1.9 4.69 23.64 6.04 2.08 21.95 1.9 7.64
26.95 13.24 -3421.2200000000003 794.38 58.94 173.56 63.05 53.3 496.13 27.1 15.16 608.7 65.41 15.2 73.31 494.39 238.46 10.68 191.36 1.9
17.67 1.9 794.38 -1794.2999999999997 1.9 55.28 583.55 56.77 113.99 4.34 1.9 2.31 1.9 4.98 13.43 69.02 28.01 19.86 21.21 1.9
59.93 103.33 58.94 1.9 -1419.25 75.24 1.9 30.71 141.49 62.73 25.65 1.9 6.18 70.8 31.26 277.05 179.97 33.6 254.77 1.9
1.9 220.99 173.56 55.28 75.24 -2355.8300000000004 313.56 6.75 582.4 8.34 39.7 465.58 47.37 19.11 137.29 54.11 94.93 1.9 38.82 19.0
9.77 1.9 63.05 583.55 1.9 313.56 -1493.29 28.28 49.12 3.31 1.9 313.86 1.9 2.67 12.83 54.71 14.82 1.9 13.12 21.14
120.71 23.03 53.3 56.77 30.71 6.75 28.28 -512.03 1.9 5.98 2.41 22.73 1.9 1.9 1.9 125.93 11.17 10.92 3.21 2.53
13.9 165.23 496.13 113.99 141.49 582.4 49.12 1.9 -2638.04 12.26 11.49 127.67 11.97 48.16 60.97 77.46 44.78 7.08 670.14 1.9
96.49 1.9 27.1 4.34 62.73 8.34 3.31 5.98 12.26 -2860.3700000000003 329.09 19.57 517.98 84.67 20.63 47.7 368.43 1.9 25.01 1222.94
25.46 15.58 15.16 1.9 25.65 39.7 1.9 2.41 11.49 329.09 -1645.1800000000003 14.88 537.53 216.06 40.1 73.61 126.4 32.44 44.15 91.67
8.36 141.4 608.7 2.31 1.9 465.58 313.86 22.73 127.67 19.57 14.88 -2194.06 91.37 6.44 50.1 105.79 136.33 24.0 51.17 1.9
141.88 1.9 65.41 1.9 6.18 47.37 1.9 1.9 11.97 517.98 537.53 91.37 -2625.4900000000002 90.82 18.84 111.16 528.17 21.71 39.96 387.54
6.37 4.69 15.2 4.98 70.8 19.11 2.67 1.9 48.16 84.67 216.06 6.44 90.82 -1167.09 17.31 64.29 33.85 7.84 465.58 6.35
54.31 23.64 73.31 13.43 31.26 137.29 12.83 1.9 60.97 20.63 40.1 50.1 18.84 17.31 -882.6900000000002 169.9 128.22 4.21 16.21 8.23
387.86 6.04 494.39 69.02 277.05 54.11 54.71 125.93 77.46 47.7 73.61 105.79 111.16 64.29 169.9 -2821.63 597.21 38.58 64.92 1.9
480.72 2.08 238.46 28.01 179.97 94.93 14.82 11.17 44.78 368.43 126.4 136.33 528.17 33.85 128.22 597.21 -3266.81 9.99 38.73 204.54
1.9 21.95 10.68 19.86 33.6 1.9 1.9 10.92 7.08 1.9 32.44 24.0 21.71 7.84 4.21 38.58 9.99 -282.08 26.25 5.37
6.48 1.9 191.36 21.21 254.77 38.82 13.12 3.21 670.14 25.01 44.15 51.17 39.96 465.58 16.21 64.92 38.73 26.25 -1974.89 1.9
195.06 7.64 1.9 1.9 1.9 19.0 21.14 2.53 1.9 1222.94 91.67 1.9 387.54 6.35 8.23 1.9 204.54 5.37 1.9 -2185.3100000000004

WAG
-1894.4411999999998 55.1571 50.9848 73.8998 102.704 90.8598 158.285 141.672 31.6954 19.3335 39.7915 90.6265 89.3496 21.0494 143.855 337.079 212.111 11.3133 24.0735 200.601
55.1571 -1913.6221 63.5346 14.7304 52.8191 303.55 43.9157 58.4665 213.715 18.6979 49.7671 535.142 68.3162 10.2711 67.9489 122.419 55.4413 116.392 38.1533 25.1849
50.9848 63.5346 -2595.82488 542.942 26.5256 154.364 94.7198 112.556 395.629 55.4236 13.1528 301.201 19.8221 9.61621 19.5081 397.423 203.006 7.19167 108.6 19.6246
73.8998 14.7304 542.942 -1816.6224 3.02949 61.6783 617.416 86.5584 93.0676 3.9437 8.48047 47.9855 10.3754 4.67304 42.3984 107.176 37.4866 12.9767 32.5711 15.2335
102.704 52.8191 26.5256 3.02949 -823.6646699999999 9.88179 2.1352 30.6674 24.8972 17.0135 38.4287 7.40339 39.0482 39.802 10.9404 140.766 51.2984 71.707 54.3833 100.214
90.8598 303.55 154.364 61.6783 9.88179 -2638.5355700000005 546.947 33.0052 429.411 11.3917 86.9489 389.49 154.526 9.99208 93.3372 102.887 85.7928 21.5737 22.771 30.1281
158.285 43.9157 94.7198 617.416 2.1352 546.947 -2218.5924899999995 56.7717 57.0025 12.7395 15.4263 258.443 31.5124 8.11339 68.2355 70.4939 82.2765 15.6557 19.6303 58.8731
141.672 58.4665 112.556 86.5584 30.6674 33.0052 56.7717 -857.4781800000001 24.941 3.04501 6.13037 37.3558 17.41 4.9931 24.357 134.182 22.5833 33.6983 10.3604 18.7247
31.6954 213.715 395.629 93.0676 24.8972 429.411 57.0025 24.941 -2147.9223999999995 13.819 49.9462 89.0432 40.4141 67.9371 69.6198 74.0169 47.3307 26.2569 387.344 11.8358
19.3335 18.6979 55.4236 3.9437 17.0135 11.3917 12.7395 3.04501 13.819 -2069.72879 317.097 32.3832 425.746 105.947 9.99288 31.944 145.816 21.2483 42.017 782.13
39.7915 49.7671 13.1528 8.48047 38.4287 86.9489 15.4263 6.13037 49.9462 317.097 -1742.9910399999999 25.7555 485.402 211.517 41.5844 34.4739 32.6622 66.5309 39.8618 180.034
90.6265 535.142 301.201 47.9855 7.40339 389.49 258.443 37.3558 89.0432 32.3832 25.7555 -2265.8611899999996 93.4276 8.8836 55.6896 96.713 138.698 13.7505 13.3264 30.5434
89.3496 68.3162 19.8221 10.3754 39.0482 154.526 31.5124 17.41 40.4141 425.746 485.402 93.4276 -2112.8073 119.063 17.1329 49.3905 151.612 51.5706 42.8437 205.845
21.0494 10.2711 9.61621 4.67304 39.802 9.99208 8.11339 4.9931 67.9371 105.947 211.517 8.8836 119.063 -1573.1670199999999 16.1444 54.5931 17.1903 152.964 645.428 64.9892
143.855 67.9489 19.5081 42.3984 10.9404 93.3372 68.2355 24.357 69.6198 9.99288 41.5844 55.6896 17.1329 16.1444 -988.6446800000001 161.328 79.5384 13.9405 21.6046 31.4887
337.079 122.419 397.423 107.176 140.766 102.887 70.4939 134.182 74.0169 31.944 34.4739 96.713 49.3905 54.5931 161.328 -2507.0347 437.802 52.3742 78.6993 23.2739
212.111 55.4413 203.006 37.4866 51.2984 85.7928 82.2765 22.5833 47.3307 145.816 32.6622 138.698 151.612 17.1903 79.5384 437.802 -1979.6697000000001 11.0864 29.1148 138.823
11.3133 116.392 7.19167 12.9767 71.707 21.5737 15.6557 33.6983 26.2569 21.2483 66.5309 13.7505 51.5706 152.964 13.9405 52.3742 11.0864 -985.30657 248.539 36.5369
24.0735 38.1533 108.6 32.5711 54.3833 22.771 19.6303 10.3604 387.344 42.017 39.8618 13.3264 42.8437 645.428 21.6046 78.6993 29.1148 248.539 -1890.7945 31.473
200.601 25.1849 19.6246 15.2335 100.214 30.1281 58.8731 18.7247 11.8358 782.13 180.034 30.5434 205.845 64.9892 31.4887 23.2739 138.823 36.5369 31.473 -2005.5568

RTREV
-2204.0 34.0 51.0 10.0 439.0 32.0 81.0 135.0 30.0 1.0 45.0 38.0 235.0 1.0 97.0 460.0 258.0 5.0 55.0 197.0
34.0 -1531.0 35.0 30.0 92.0 221.0 10.0 41.0 90.0 24.0 18.0 593.0 57.0 7.0 24.0 102.0 64.0 13.0 47.0 29.0
51.0 35.0 -2090.0 384.0 128.0 236.0 79.0 94.0 320.0 35.0 15.0 123.0 1.0 49.0 33.0 294.0 148.0 16.0 28.0 21.0
10.0 30.0 384.0 -1479.0 1.0 78.0 542.0 61.0 91.0 1.0 5.0 20.0 1.0 1.0 55.0 136.0 55.0 1.0 1.0 6.0
439.0 92.0 128.0 1.0 -2033.0 70.0 1.0 48.0 124.0 104.0 110.0 16.0 156.0 70.0 1.0 75.0 117.0 55.0 131.0 295.0
32.0 221.0 236.0 78.0 70.0 -2499.0 372.0 18.0 387.0 33.0 54.0 309.0 158.0 1.0 68.0 225.0 146.0 10.0 45.0 36.0
81.0 10.0 79.0 542.0 1.0 372.0 -1636.0 70.0 34.0 1.0 21.0 141.0 1.0 1.0 52.0 95.0 82.0 17.0 1.0 35.0
135.0 41.0 94.0 61.0 48.0 18.0 70.0 -836.0 68.0 1.0 3.0 30.0 37.0 7.0 17.0 152.0 7.0 23.0 21.0 3.0
30.0 90.0 320.0 91.0 124.0 387.0 34.0 68.0 -2194.0 34.0 51.0 76.0 116.0 141.0 44.0 183.0 49.0 48.0 307.0 1.0
1.0 24.0 35.0 1.0 104.0 33.0 1.0 1.0 34.0 -2291.0 385.0 34.0 375.0 64.0 10.0 4.0 72.0 39.0 26.0 1048.0
45.0 18.0 15.0 5.0 110.0 54.0 21.0 3.0 51.0 385.0 -1784.0 23.0 581.0 179.0 22.0 24.0 25.0 47.0 64.0 112.0
38.0 593.0 123.0 20.0 16.0 309.0 141.0 30.0 76.0 34.0 23.0 -1807.0 134.0 14.0 43.0 77.0 110.0 6.0 1.0 19.0
235.0 57.0 1.0 1.0 156.0 158.0 1.0 37.0 116.0 375.0 581.0 134.0 -2653.0 247.0 1.0 1.0 131.0 111.0 74.0 236.0
1.0 7.0 49.0 1.0 70.0 1.0 1.0 7.0 141.0 64.0 179.0 14.0 247.0 -2173.0 11.0 20.0 69.0 182.0 1017.0 92.0
97.0 24.0 33.0 55.0 1.0 68.0 52.0 17.0 44.0 10.0 22.0 43.0 1.0 11.0 -722.0 134.0 62.0 9.0 14.0 25.0
460.0 102.0 294.0 136.0 75.0 225.0 95.0 152.0 183.0 4.0 24.0 77.0 1.0 20.0 134.0 -2737.0 671.0 14.0 31.0 39.0
258.0 64.0 148.0 55.0 117.0 146.0 82.0 7.0 49.0 72.0 25.0 110.0 131.0 69.0 62.0 671.0 -2297.0 1.0 34.0 196.0
5.0 13.0 16.0 1.0 55.0 10.0 17.0 23.0 48.0 39.0 47.0 6.0 111.0 182.0 9.0 14.0 1.0 -799.0 176.0 26.0
55.0 47.0 28.0 1.0 131.0 45.0 1.0 21.0 307.0 26.0 64.0 1.0 74.0 1017.0 14.0 31.0 34.0 176.0 -2132.0 59.0
197.0 29.0 21.0 6.0 295.0 36.0 35.0 3.0 1.0 1048.0 112.0 19.0 236.0 92.0 25.0 39.0 196.0 26.0 59.0 -2475.0

CPREV
-8702.0 105.0 227.0 175.0 669.0 157.0 499.0 665.0 66.0 145.0 197.0 236.0 185.0 68.0 490.0 2440.0 1340.0 14.0 56.0 968.0
105.0 -10613.0 357.0 43.0 823.0 1745.0 152.0 243.0 715.0 136.0 203.0 4482.0 125.0 53.0 87.0 385.0 314.0 230.0 323.0 92.0
227.0 357.0 -16835.0 4435.0 538.0 768.0 1055.0 653.0 1405.0 168.0 113.0 2430.0 61.0 97.0 173.0 2085.0 1393.0 40.0 754.0 83.0
175.0 43.0 4435.0 -11417.0 10.0 400.0 3691.0 431.0 331.0 10.0 10.0 412.0 47.0 22.0 170.0 590.0 266.0 18.0 281.0 75.0
669.0 823.0 538.0 10.0 -10098.0 10.0 10.0 303.0 441.0 280.0 396.0 48.0 159.0 726.0 285.0 2331.0 576.0 435.0 1466.0 592.0
157.0 1745.0 768.0 400.0 10.0 -12965.0 3122.0 133.0 1269.0 92.0 286.0 3313.0 202.0 10.0 323.0 396.0 241.0 53.0 391.0 54.0
499.0 152.0 1055.0 3691.0 10.0 3122.0 -13714.0 379.0 162.0 148.0 82.0 2629.0 113.0 145.0 185.0 568.0 369.0 63.0 142.0 200.0
665.0 243.0 653.0 431.0 303.0 133.0 379.0 -4189.0 19.0 40.0 20.0 263.0 21.0 25.0 28.0 691.0 92.0 82.0 10.0 91.0
66.0 715.0 1405.0 331.0 441.0 1269.0 162.0 19.0 -7497.0 29.0 66.0 305.0 10.0 127.0 152.0 303.0 32.0 69.0 1971.0 25.0
145.0 136.0 168.0 10.0 280.0 92.0 148.0 40.0 29.0 -11665.0 1745.0 345.0 1772.0 454.0 117.0 216.0 1040.0 42.0 89.0 4797.0
197.0 203.0 113.0 10.0 396.0 286.0 82.0 20.0 66.0 1745.0 -8059.0 218.0 1351.0 1268.0 219.0 516.0 156.0 159.0 189.0 865.0
236.0 4482.0 2430.0 412.0 48.0 3313.0 2629.0 263.0 305.0 345.0 218.0 -17540.0 193.0 72.0 302.0 868.0 918.0 10.0 247.0 249.0
185.0 125.0 61.0 47.0 159.0 202.0 113.0 21.0 10.0 1772.0 1351.0 193.0 -6180.0 327.0 100.0 93.0 645.0 86.0 215.0 475.0
68.0 53.0 97.0 22.0 726.0 10.0 145.0 25.0 127.0 454.0 1268.0 72.0 327.0 -7227.0 43.0 487.0 148.0 468.0 2370.0 317.0
490.0 87.0 173.0 170.0 285.0 323.0 185.0 28.0 152.0 117.0 219.0 302.0 100.0 43.0 -4404.0 1202.0 260.0 49.0 97.0 122.0
2440.0 385.0 2085.0 590.0 2331.0 396.0 568.0 691.0 303.0 216.0 516.0 868.0 93.0 487.0 1202.0 -16084.0 2151.0 73.0 522.0 167.0
1340.0 314.0 1393.0 266.0 576.0 241.0 369.0 92.0 32.0 1040.0 156.0 918.0 645.0 148.0 260.0 2151.0 -10801.0 29.0 71.0 760.0
14.0 230.0 40.0 18.0 435.0 53.0 63.0 82.0 69.0 42.0 159.0 10.0 86.0 468.0 49.0 73.0 29.0 -2276.0 346.0 10.0
56.0 323.0 754.0 281.0 1466.0 391.0 142.0 10.0 1971.0 89.0 189.0 247.0 215.0 2370.0 97.0 522.0 71.0 346.0 -9659.0 119.0
968.0 92.0 83.0 75.0 592.0 54.0 200.0 91.0 25.0 4797.0 865.0 249.0 475.0 317.0 122.0 167.0 760.0 10.0 119.0 -10061.0

VT
-41.39929871854554 1.2412691067876198 1.2184237953498958 1.3759368509441177 2.4731223087544874 2.215516780513747 2.337991120749506 3.3386555146457697 0.9615841926910841 0.890820306192551 1.0778497408764076 1.4932055816372476 1.9006455961717605 0.6883439026872615 2.735562008995355 6.420896185914288 5.289251416977644 0.548857847810693 0.5411769916657778 4.650189469180321
1.2412691067876198 -38.82665788763244 1.572077075332688 0.7550654439001206 1.4414262567428417 5.512081970524868 1.3542404860613146 1.3121700301622004 4.923866828394527 0.4323005487925516 0.8386701149158265 10.017330817366002 1.2488638689609959 0.422494519727629 1.3091837782420783 1.9202994262316166 1.33634017405606 1.517014215396284 0.8912614404565405 0.7807017855806767
1.2184237953498958 1.572077075332688 -44.88187126644938 7.8584219153689405 0.9784679122774127 3.014320167092482 2.009343477839811 2.411763289886181 6.197438497788411 0.917929117533152 0.4098311270816011 4.403454757896257 0.9378803706165143 0.5044944273324311 0.7103720531974738 6.123451239680176 3.885250610592223 0.1808525752605976 1.0894926581511342 0.4586061981719967
1.3759368509441177 0.7550654439001206 7.8584219153689405 -34.4704556525048 0.2272488448121475 1.656249563817604 9.688345187568506 1.9142079025990228 2.145964061013378 0.2161660372725585 0.3574207468998517 1.4521790561663968 0.4075239926000898 0.1675129724559251 1.0714605979577547 2.216194459674183 1.5066839872944762 0.249658418815177 0.7447620891784513 0.4594535241660911
2.4731223087544874 1.4414262567428417 0.9784679122774127 0.2272488448121475 -26.101925505907342 0.4587469126746136 0.4519167943192672 1.1034605684472507 1.5196756759380692 0.9126668032539315 1.4081315998413697 0.3371091785647479 1.2213054800811556 1.6953951980808002 0.4326227078645523 3.6366815408744255 1.7557065205837685 1.6275179891253113 2.1579775140421025 2.262745699629089
2.215516780513747 5.512081970524868 3.014320167092482 1.656249563817604 0.4587469126746136 -47.91116375855695 6.8124601839937675 0.8776110594765502 7.9943228564946525 0.4882733432879921 1.3318097154194044 6.051908524311881 1.9106190827629084 0.3573432522499545 2.301917772830073 2.319370364323722 2.157651010347144 0.8959082681546182 0.9183596801412757 0.6366932501396869
2.337991120749506 1.3542404860613146 2.009343477839811 9.688345187568506 0.4519167943192672 6.8124601839937675 -38.76920059593356 1.3860121390169038 1.6360079688522375 0.4035497929633328 0.5610717242294755 4.329008652958283 0.7471936218068498 0.2317194387691585 1.5132807416252063 1.8273535587773553 1.583998170858469 0.4198391148111098 0.5818111331782764 0.894057287554733
3.3386555146457697 1.3121700301622004 2.411763289886181 1.9142079025990228 1.1034605684472507 0.8776110594765502 1.3860121390169038 -22.15086323068497 0.8561248973045037 0.2888075033037488 0.3578662395745526 0.8945563662345198 0.5954812791740037 0.369372264098046 0.7744933618134962 3.063777619371761 0.7147489676267383 0.9349753595598769 0.3374467649724478 0.6193321034173915
0.9615841926910841 4.923866828394527 6.197438497788411 2.145964061013378 1.5196756759380692 7.9943228564946525 1.6360079688522375 0.8561248973045037 -46.785571170715905 0.578793711540794 1.0765007949562073 1.8085136096039203 1.3808291710019667 1.3629765501081097 1.837055585207065 1.9699895187387506 1.6136654573285647 0.6301954684360302 7.758744230914604 0.5333220944030346
0.890820306192551 0.4323005487925516 0.917929117533152 0.2161660372725585 0.9126668032539315 0.4882733432879921 0.4035497929633328 0.2888075033037488 0.578793711540794 -40.818311735958744 6.001911025842636 0.6244297525127139 6.759789977204542 2.2864286949316077 0.4811402387911145 0.6047491507504744 2.634477838444273 0.5604648274060783 0.8626796044156272 14.872933461519061
1.0778497408764076 0.8386701149158265 0.4098311270816011 0.3574207468998517 1.4081315998413697 1.3318097154194044 0.5610717242294755 0.3578662395745526 1.0765007949562073 6.001911025842636 -35.61158226874082 0.5642322882556321 8.032779294742115 4.361154806355578 1.0084320519837335 0.8953754669269811 1.019200437250654 1.518311443467934 1.2452243224541324 3.5458093276667237
1.4932055816372476 10.017330817366002 4.403454757896257 1.4521790561663968 0.3371091785647479 6.051908524311881 4.329008652958283 0.8945563662345198 1.8085136096039203 0.6244297525127139 0.5642322882556321 -42.14973125321744 1.7129670976916258 0.3910559903834828 1.3918935593582853 1.9776630140912268 2.551378131266028 0.5851920879490173 0.7835447533710449 0.7801080335991272
1.9006455961717605 1.2488638689609959 0.9378803706165143 0.4075239926000898 1.2213054800811556 1.9106190827629084 0.7471936218068498 0.5954812791740037 1.3808291710019667 6.759789977204542 8.032779294742115 1.7129670976916258 -40.71635479790785 2.320137354629635 0.4953193808676289 1.0657482318076852 3.3628488360462363 1.4680478689711018 1.089916577095682 4.05845771567534
0.6883439026872615 0.422494519727629 0.5044944273324311 0.1675129724559251 1.6953951980808002 0.3573432522499545 0.2317194387691585 0.369372264098046 1.3629765501081097 2.2864286949316077 4.361154806355578 0.3910559903834828 2.320137354629635 -32.76296765293193 0.3746821107962129 1.1079144700606407 0.6882725908872254 3.3448437239772266 10.384852333133459 1.7039730522675411
2.735562008995355 1.3091837782420783 0.7103720531974738 1.0714605979577547 0.4326227078645523 2.301917772830073 1.5132807416252063 0.7744933618134962 1.837055585207065 0.4811402387911145 1.0084320519837335 1.3918935593582853 0.4953193808676289 0.3746821107962129 -23.445611694613866 3.5465914843628927 1.9485376673137556 0.4326058001438786 0.4819109019647465 0.5985498912985666
6.420896185914288 1.9202994262316166 6.123451239680176 2.216194459674183 3.6366815408744255 2.319370364323722 1.8273535587773553 3.063777619371761 1.9699895187387506 0.6047491507504744 0.8953754669269811 1.9776630140912268 1.0657482318076852 1.1079144700606407 3.5465914843628927 -50.10841293920367 8.847998406124818 0.6791126595939816 0.9547229305958682 0.9305232113028208
5.289251416977644 1.33634017405606 3.885250610592223 1.5066839872944762 1.7557065205837685 2.157651010347144 1.583998170858469 0.7147489676267383 1.6136654573285647 2.634477838444273 1.019200437250654 2.551378131266028 3.3628488360462363 0.6882725908872254 1.9485376673137556 8.847998406124818 -45.628083796491396 0.4514203099376473 0.8564314184691215 3.4242218450865543
0.548857847810693 1.517014215396284 0.1808525752605976 0.249658418815177 1.6275179891253113 0.8959082681546182 0.4198391148111098 0.9349753595598769 0.6301954684360302 0.5604648274060783 1.518311443467934 0.5851920879490173 1.4680478689711018 3.3448437239772266 0.4326058001438786 0.6791126595939816 0.4514203099376473 -21.148438482760366 4.537723579040539 0.5658969249032649
0.5411769916657778 0.8912614404565405 1.0894926581511342 0.7447620891784513 2.1579775140421025 0.9183596801412757 0.5818111331782764 0.3374467649724478 7.758744230914604 0.8626796044156272 1.2452243224541324 0.7835447533710449 1.089916577095682 10.384852333133459 0.4819109019647465 0.9547229305958682 0.8564314184691215 4.537723579040539 -37.218038923240826 1.0
4.650189469180321 0.7807017855806767 0.4586061981719967 0.4594535241660911 2.262745699629089 0.6366932501396869 0.894057287554733 0.6193321034173915 0.5333220944030346 14.872933461519061 3.5458093276667237 0.7801080335991272 4.05845771567534 1.7039730522675411 0.5985498912985666 0.9305232113028208 3.4242218450865543 0.5658969249032649 1.0 -42.77557487556202

BLOSUM62
-23.314325286075004 0.735790389698 0.485391055466 0.543161820899 1.45999531047 1.199705704602 1.1709490428 1.95588357496 0.716241444998 0.605899003687 0.800016530518 1.295201266783 1.253758266664 0.492964679748 1.173275900924 4.325092687057 1.729178019485 0.465839367725 0.718206697586 2.187774522005
0.735790389698 -20.710412105524 1.297446705134 0.500964408555 0.227826574209 3.020833610064 1.36057419042 0.418763308518 1.456141166336 0.232036445142 0.622711669692 5.411115141489 0.983692987457 0.371644693209 0.448133661718 1.12278310421 0.914665954563 0.426382310122 0.720517441216 0.438388343772
0.485391055466 1.297446705134 -21.641445948365998 3.180100048216 0.397358949897 1.839216146992 1.24048850864 1.355872344485 2.414501434208 0.283017326278 0.211888159615 1.593137043457 0.648441278787 0.354861249223 0.494887043702 2.904101656456 1.898173634533 0.191482046247 0.538222519037 0.312858797993
0.543161820899 0.500964408555 3.180100048216 -17.080204013555 0.240836614802 1.190945703396 3.761625208368 0.798473248968 0.778142664022 0.418555732462 0.218131577594 1.032447924952 0.222621897958 0.281730694207 0.730628272998 1.582754142065 0.934187509431 0.145345046279 0.261422208965 0.258129289418
1.45999531047 0.227826574209 0.397358949897 0.240836614802 -11.456953809999002 0.32980150463 0.140748891814 0.418203192284 0.354058109831 0.774894022794 0.831842640142 0.285078800906 0.76768882348 0.441337471187 0.356008498769 1.197188415094 1.119831358516 0.527664418872 0.470237733696 1.116352478606
1.199705704602 3.020833610064 1.839216146992 1.190945703396 0.32980150463 -29.875430676381 5.528919177928 0.609846305383 2.43534113114 0.236202451204 0.580737093181 3.945277674515 2.494896077113 0.14435695975 0.858570575674 1.934870924596 1.277480294596 0.758653808642 0.95898974285 0.530785790125
1.1709490428 1.36057419042 1.24048850864 3.761625208368 0.140748891814 5.528919177928 -24.758664129872997 0.423579992176 1.626891056982 0.186848046932 0.372625175087 2.802427151679 0.55541539747 0.291409084165 0.926563934846 1.769893238937 1.071097236007 0.407635648938 0.596719300346 0.524253846338
1.95588357496 0.418763308518 1.355872344485 0.798473248968 0.418203192284 0.609846305383 0.423579992176 -12.231747937694 0.539859124954 0.189296292376 0.217721159236 0.752042440303 0.459436173579 0.368166464453 0.504086599527 1.509326253224 0.641436011405 0.508358924638 0.308055737035 0.25334079019
0.716241444998 1.456141166336 2.414501434208 0.778142664022 0.354058109831 2.43534113114 1.626891056982 0.539859124954 -20.594521789534003 0.252718447885 0.348072209797 1.022507035889 0.984311525359 0.714533703928 0.527007339151 1.11702976291 0.585407090225 0.30124860078 4.218953969389 0.20155597175
0.605899003687 0.232036445142 0.283017326278 0.418555732462 0.774894022794 0.236202451204 0.186848046932 0.189296292376 0.252718447885 -23.612215522916003 3.890963773304 0.406193586642 3.364797763104 1.517359325954 0.388355409206 0.35754441246 1.17909119726 0.34198578754 0.674617093228 8.311839405458
0.800016530518 0.622711669692 0.211888159615 0.218131577594 0.831842640142 0.580737093181 0.372625175087 0.217721159236 0.348072209797 3.890963773304 -22.012590254764 0.445570274261 6.030559379572 2.064839703237 0.374555687471 0.352969184527 0.915259857694 0.6914746346 0.811245856323 2.231405688913
1.295201266783 5.411115141489 1.593137043457 1.032447924952 0.285078800906 3.945277674515 2.802427151679 0.752042440303 1.022507035889 0.406193586642 0.445570274261 -25.982783847896997 1.073061184332 0.266924750511 1.047383450722 1.752165917819 1.303875200799 0.332243040634 0.7179934869 0.498138475304
1.253758266664 0.983692987457 0.648441278787 0.222621897958 0.76768882348 2.494896077113 0.55541539747 0.459436173579 0.984311525359 3.364797763104 6.030559379572 1.073061184332 -27.889565033988998 1.77385516883 0.454123625103 0.918723415746 1.488548053722 0.888101098152 0.951682162246 2.575850755315
0.492964679748 0.371644693209 0.354861249223 0.281730694207 0.441337471187 0.14435695975 0.291409084165 0.368166464453 0.714533703928 1.517359325954 2.064839703237 0.266924750511 1.77385516883 -20.005520556124 0.233597909629 0.540027644824 0.488206118793 2.074324893497 6.747260430801 0.838119610178
1.173275900924 0.448133661718 0.494887043702 0.730628272998 0.356008498769 0.858570575674 0.926563934846 0.504086599527 0.527007339151 0.388355409206 0.374555687471 1.047383450722 0.454123625103 0.233597909629 -11.810287730363 1.169129577716 1.005451683149 0.252214830027 0.369405319355 0.496908410676
4.325092687057 1.12278310421 2.904101656456 1.582754142065 1.197188415094 1.934870924596 1.769893238937 1.509326253224 1.11702976291 0.35754441246 0.352969184527 1.752165917819 0.918723415746 0.540027644824 1.169129577716 -29.451759230212 5.15155629227 0.387925622098 0.796751520761 0.561925457442
1.729178019485 0.914665954563 1.898173634533 0.934187509431 1.119831358516 1.277480294596 1.071097236007 0.641436011405 0.585407090225 1.17909119726 0.915259857694 1.303875200799 1.488548053722 0.488206118793 1.005451683149 5.15155629227 -25.270657933714 0.513128126891 0.801010243199 2.253074051176
0.465839367725 0.426382310122 0.191482046247 0.145345046279 0.527664418872 0.758653808642 0.407635648938 0.508358924638 0.30124860078 0.34198578754 0.6914746346 0.332243040634 0.888101098152 2.074324893497 0.252214830027 0.387925622098 0.513128126891 -13.534935943666 4.054419006558 0.266508731426
0.718206697586 0.720517441216 0.538222519037 0.261422208965 0.470237733696 0.95898974285 0.596719300346 0.308055737035 4.218953969389 0.674617093228 0.811245856323 0.7179934869 0.951682162246 6.747260430801 0.369405319355 0.796751520761 0.801010243199 4.054419006558 -25.715710469490997 1.0
2.187774522005 0.438388343772 0.312858797993 0.258129289418 1.116352478606 0.530785790125 0.524253846338 0.25334079019 0.20155597175 8.311839405458 2.231405688913 0.498138475304 2.575850755315 0.838119610178 0.496908410676 0.561925457442 2.253074051176 0.266508731426 1.0 -24.857210416085

MTMAM
-1782.000006 32.0 2.0 11.0 1e-06 1e-06 1e-06 78.0 8.0 75.0 21.0 1e-06 76.0 1e-06 53.0 342.0 681.0 5.0 1e-06 398.0
32.0 -802.000008 4.0 1e-06 186.0 246.0 1e-06 18.0 232.0 1e-06 6.0 50.0 1e-06 1e-06 9.0 3.0 1e-06 16.0 1e-06 1e-06
2.0 4.0 -2588.000004 864.0 1e-06 8.0 1e-06 47.0 458.0 19.0 1e-06 408.0 21.0 6.0 33.0 446.0 110.0 6.0 156.0 1e-06
11.0 1e-06 864.0 -1616.0000090000003 1e-06 49.0 569.0 79.0 11.0 1e-06 1e-06 1e-06 1e-06 5.0 2.0 16.0 1e-06 1e-06 1e-06 10.0
1e-06 186.0 1e-06 1e-06 -1622.00001 1e-06 1e-06 1e-06 305.0 41.0 27.0 1e-06 1e-06 7.0 1e-06 347.0 114.0 65.0 530.0 1e-06
1e-06 246.0 8.0 49.0 1e-06 -1579.000007 274.0 1e-06 550.0 1e-06 20.0 242.0 22.0 1e-06 51.0 30.0 1e-06 1e-06 54.0 33.0
1e-06 1e-06 1e-06 569.0 1e-06 274.0 -1147.000011 22.0 22.0 1e-06 1e-06 215.0 1e-06 1e-06 1e-06 21.0 4.0 1e-06 1e-06 20.0
78.0 18.0 47.0 79.0 1e-06 1e-06 22.0 -362.000011 1e-06 1e-06 1e-06 1e-06 1e-06 1e-06 1e-06 112.0 1e-06 1e-06 1.0 5.0
8.0 232.0 458.0 11.0 305.0 550.0 22.0 1e-06 -3211.000007 1e-06 26.0 1e-06 1e-06 1e-06 53.0 20.0 1.0 1e-06 1525.0 1e-06
75.0 1e-06 19.0 1e-06 41.0 1e-06 1e-06 1e-06 1e-06 -3409.000008 232.0 6.0 378.0 57.0 5.0 1e-06 360.0 1e-06 16.0 2220.0
21.0 6.0 1e-06 1e-06 27.0 20.0 1e-06 1e-06 26.0 232.0 -1479.000004 4.0 609.0 246.0 43.0 74.0 34.0 12.0 25.0 100.0
1e-06 50.0 408.0 1e-06 1e-06 242.0 215.0 1e-06 1e-06 6.0 4.0 -1184.0000080000002 59.0 1e-06 18.0 65.0 50.0 1e-06 67.0 1e-06
76.0 1e-06 21.0 1e-06 1e-06 22.0 1e-06 1e-06 1e-06 378.0 609.0 59.0 -2759.000008 11.0 1e-06 47.0 691.0 13.0 1e-06 832.0
1e-06 1e-06 6.0 5.0 7.0 1e-06 1e-06 1e-06 1e-06 57.0 246.0 1e-06 11.0 -1135.000008 17.0 90.0 8.0 1e-06 682.0 6.0
53.0 9.0 33.0 2.0 1e-06 51.0 1e-06 1e-06 53.0 5.0 43.0 18.0 1e-06 17.0 -579.000005 202.0 78.0 7.0 8.0 1e-06
342.0 3.0 446.0 16.0 347.0 30.0 21.0 112.0 20.0 1e-06 74.0 65.0 47.0 90.0 202.0 -2553.0000019999998 614.0 17.0 107.0 1e-06
681.0 1e-06 110.0 1e-06 114.0 1e-06 4.0 1e-06 1.0 360.0 34.0 50.0 691.0 8.0 78.0 614.0 -2982.0000059999993 1e-06 1e-06 237.0
5.0 16.0 6.0 1e-06 65.0 1e-06 1e-06 1e-06 1e-06 1e-06 12.0 1e-06 13.0 1e-06 7.0 17.0 1e-06 -155.00000999999997 14.0 1e-06
1e-06 1e-06 156.0 1e-06 530.0 54.0 1e-06 1.0 1525.0 16.0 25.0 67.0 1e-06 682.0 8.0 107.0 1e-06 14.0 -3185.0000069999996 1e-06
398.0 1e-06 1e-06 10.0 1e-06 33.0 20.0 5.0 1e-06 2220.0 100.0 1e-06 832.0 6.0 1e-06 1e-06 237.0 1e-06 1e-06 -3861.0000089999994

LG
-21.470777000000002 0.425093 0.276818 0.395144 2.489084 0.969894 1.038545 2.06604 0.358858 0.14983 0.395337 0.536518 1.124035 0.253701 1.177651 4.727182 2.139501 0.180717 0.218959 2.54787
0.425093 -17.964513 0.751878 0.123954 0.534551 2.807908 0.36397 0.390192 2.426601 0.126991 0.301848 6.326067 0.484133 0.052722 0.332533 0.858151 0.578987 0.593607 0.31444 0.170887
0.276818 0.751878 -24.595409999999998 5.076149 0.528768 1.695752 0.541712 1.437645 4.509238 0.191503 0.068427 2.145078 0.371004 0.089525 0.161787 4.008358 2.000679 0.045376 0.612025 0.083688
0.395144 0.123954 5.076149 -15.812343 0.062556 0.523386 5.24387 0.844926 0.927114 0.01069 0.015076 0.282959 0.025548 0.017416 0.394456 1.240275 0.42586 0.02989 0.135107 0.037967
2.489084 0.534551 0.528768 0.062556 -15.638196 0.084808 0.003499 0.569265 0.640543 0.320627 0.594007 0.013266 0.89368 1.105251 0.075382 2.784478 1.14348 0.670128 1.165532 1.959291
0.969894 2.807908 1.695752 0.523386 0.084808 -24.521956999999997 4.128591 0.267959 4.813505 0.072854 0.582457 3.234294 1.672569 0.035855 0.624294 1.223828 1.080136 0.236199 0.257336 0.210332
1.038545 0.36397 0.541712 5.24387 0.003499 4.128591 -16.285426000000005 0.348847 0.423881 0.044265 0.069673 1.807177 0.173735 0.018811 0.419409 0.611973 0.604545 0.077852 0.120037 0.245034
2.06604 0.390192 1.437645 0.844926 0.569265 0.267959 0.348847 -9.281741999999998 0.311484 0.008705 0.044261 0.296636 0.139538 0.089586 0.196961 1.73999 0.129836 0.268491 0.054679 0.076701
0.358858 2.426601 4.509238 0.927114 0.640543 4.813505 0.423881 0.311484 -24.814323999999996 0.108882 0.366317 0.697264 0.442472 0.682139 0.508851 0.990012 0.584262 0.597054 5.306834 0.119013
0.14983 0.126991 0.191503 0.01069 0.320627 0.072854 0.044265 0.008705 0.108882 -22.894232000000002 4.145067 0.159069 4.273607 1.112727 0.078281 0.064105 1.033739 0.11166 0.232523 10.649107
0.395337 0.301848 0.068427 0.015076 0.594007 0.582457 0.069673 0.044261 0.366317 4.145067 -18.981327999999998 0.1375 6.312358 2.592692 0.24906 0.182287 0.302936 0.619632 0.299648 1.702745
0.536518 6.326067 2.145078 0.282959 0.013266 3.234294 1.807177 0.296636 0.697264 0.159069 0.1375 -18.959258000000002 0.656604 0.023918 0.390322 0.748683 1.136863 0.049906 0.131932 0.185202
1.124035 0.484133 0.371004 0.025548 0.89368 1.672569 0.173735 0.139538 0.442472 4.273607 6.312358 0.656604 -23.91151 1.798853 0.099849 0.34696 2.020366 0.696175 0.481306 1.898718
0.253701 0.052722 0.089525 0.017416 1.105251 0.035855 0.018811 0.089586 0.682139 1.112727 2.592692 0.023918 1.798853 -19.410186 0.094464 0.361819 0.165001 2.457121 7.803902 0.654683
1.177651 0.332533 0.161787 0.394456 0.075382 0.624294 0.419409 0.196961 0.508851 0.078281 0.24906 0.390322 0.099849 0.094464 -7.194145000000001 1.338132 0.571468 0.095131 0.089613 0.296501
4.727182 0.858151 4.008358 1.240275 2.784478 1.223828 0.611973 1.73999 0.990012 0.064105 0.182287 0.748683 0.34696 0.361819 1.338132 -28.44629 6.472279 0.248862 0.400547 0.098369
2.139501 0.578987 2.000679 0.42586 1.14348 1.080136 0.604545 0.129836 0.584262 1.033739 0.302936 1.136863 2.020366 0.165001 0.571468 6.472279 -22.964762 0.140825 0.245841 2.188158
0.180717 0.593607 0.045376 0.02989 0.670128 0.236199 0.077852 0.268491 0.597054 0.11166 0.619632 0.049906 0.696175 2.457121 0.095131 0.248862 0.140825 -10.459951000000002 3.151815 0.18951
0.218959 0.31444 0.612025 0.135107 1.165532 0.257336 0.120037 0.054679 5.306834 0.232523 0.299648 0.131932 0.481306 7.803902 0.089613 0.400547 0.245841 3.151815 -21.271389 0.249313
2.54787 0.170887 0.083688 0.037967 1.959291 0.210332 0.245034 0.076701 0.119013 10.649107 1.702745 0.185202 1.898718 0.654683 0.296501 0.098369 2.188158 0.18951 0.249313 -23.563089

MTART
-1927.4 0.2 0.2 1.0 254.0 0.2 0.2 200.0 0.2 26.0 4.0 0.2 121.0 13.0 49.0 673.0 244.0 0.2 1.0 340.0
0.2 -466.59999999999997 0.2 4.0 36.0 154.0 0.2 0.2 41.0 2.0 2.0 209.0 5.0 5.0 0.2 3.0 0.2 0.2 4.0 0.2
0.2 0.2 -2807.4 500.0 98.0 262.0 183.0 121.0 180.0 21.0 13.0 467.0 79.0 20.0 17.0 398.0 166.0 8.0 251.0 23.0
1.0 4.0 500.0 -1445.8000000000002 11.0 0.2 862.0 12.0 0.2 7.0 1.0 2.0 0.2 0.2 0.2 44.0 0.2 0.2 0.2 0.2
254.0 36.0 98.0 11.0 -2421.8 0.2 0.2 81.0 12.0 63.0 79.0 0.2 312.0 184.0 0.2 664.0 183.0 22.0 72.0 350.0
0.2 154.0 262.0 0.2 0.2 -1668.0000000000002 262.0 3.0 314.0 11.0 16.0 349.0 67.0 0.2 39.0 52.0 44.0 7.0 87.0 0.2
0.2 0.2 183.0 862.0 0.2 262.0 -1597.0 44.0 15.0 7.0 2.0 106.0 0.2 0.2 8.0 31.0 43.0 11.0 8.0 14.0
200.0 0.2 121.0 12.0 81.0 3.0 44.0 -763.0 0.2 3.0 1.0 0.2 56.0 1.0 0.2 226.0 0.2 2.0 9.0 3.0
0.2 41.0 180.0 0.2 12.0 314.0 15.0 0.2 -805.6000000000001 0.2 6.0 0.2 0.2 14.0 1.0 11.0 19.0 0.2 191.0 0.2
26.0 2.0 21.0 7.0 63.0 11.0 7.0 3.0 0.2 -3369.6000000000004 515.0 3.0 515.0 118.0 0.2 7.0 204.0 0.2 12.0 1855.0
4.0 2.0 13.0 1.0 79.0 16.0 2.0 1.0 6.0 515.0 -1985.0 4.0 885.0 263.0 12.0 8.0 48.0 21.0 20.0 85.0
0.2 209.0 467.0 2.0 0.2 349.0 106.0 0.2 0.2 3.0 4.0 -1647.8 106.0 11.0 17.0 144.0 70.0 16.0 117.0 26.0
121.0 5.0 79.0 0.2 312.0 67.0 0.2 56.0 0.2 515.0 885.0 106.0 -3297.6000000000004 322.0 5.0 112.0 289.0 71.0 71.0 281.0
13.0 5.0 20.0 0.2 184.0 0.2 0.2 1.0 14.0 118.0 263.0 11.0 322.0 -1914.6 15.0 36.0 14.0 54.0 792.0 52.0
49.0 0.2 17.0 0.2 0.2 39.0 8.0 0.2 1.0 0.2 12.0 17.0 5.0 15.0 -348.2 87.0 47.0 0.2 18.0 32.0
673.0 3.0 398.0 44.0 664.0 52.0 31.0 226.0 11.0 7.0 8.0 144.0 112.0 36.0 87.0 -3249.0 660.0 2.0 30.0 61.0
244.0 0.2 166.0 0.2 183.0 44.0 43.0 0.2 19.0 204.0 48.0 70.0 289.0 14.0 47.0 660.0 -2621.8 0.2 46.0 544.0
0.2 0.2 8.0 0.2 22.0 7.0 11.0 2.0 0.2 0.2 21.0 16.0 71.0 54.0 0.2 2.0 0.2 -253.59999999999997 38.0 0.2
1.0 4.0 251.0 0.2 72.0 87.0 8.0 9.0 191.0 12.0 20.0 117.0 71.0 792.0 18.0 30.0 46.0 38.0 -1769.2 2.0
340.0 0.2 23.0 0.2 350.0 0.2 14.0 3.0 0.2 1855.0 85.0 26.0 281.0 52.0 32.0 61.0 544.0 0.2 2.0 -3669.0

MTZOA
-2233.5 3.3 1.7 16.1 272.5 7.3 17.1 289.3 2.3 33.2 15.6 0.2 136.5 26.5 61.8 644.9 378.1 3.1 2.1 321.9
3.3 -766.4 33.6 3.2 61.1 231.0 6.4 7.2 61.7 0.2 4.1 292.3 3.8 0.2 7.5 11.8 3.2 16.9 13.8 5.1
1.7 33.6 -2754.1 617.0 94.6 190.3 174.0 99.3 228.9 24.3 7.9 413.4 73.7 12.9 22.6 420.2 184.6 6.4 141.6 7.1
16.1 3.2 617.0 -1706.4000000000003 9.5 19.3 883.6 26.0 55.6 1.5 0.5 0.2 0.2 2.0 0.2 51.4 2.3 0.2 13.9 3.7
272.5 61.1 94.6 9.5 -2371.4 49.1 3.4 82.4 37.5 48.8 59.7 0.2 264.8 167.8 8.1 656.3 199.0 36.1 76.7 243.8
7.3 231.0 190.3 19.3 49.1 -1983.1000000000001 349.4 8.9 421.8 0.2 23.0 334.0 83.9 9.5 52.2 96.4 39.4 6.1 52.3 9.0
17.1 6.4 174.0 883.6 3.4 349.4 -1787.1 43.1 14.9 7.3 1.0 163.2 0.2 0.2 20.6 38.4 34.5 3.5 10.0 16.3
289.3 7.2 99.3 26.0 82.4 8.9 43.1 -942.5 7.4 3.4 3.5 10.1 52.2 5.8 1.3 257.1 5.2 12.3 4.3 23.7
2.3 61.7 228.9 55.6 37.5 421.8 14.9 7.4 -1211.8 1.6 6.6 23.9 7.1 13.1 15.6 23.1 19.4 4.5 266.5 0.3
33.2 0.2 24.3 1.5 48.8 0.2 7.3 3.4 1.6 -3059.6 425.2 8.4 449.7 90.3 2.6 7.2 222.3 9.7 13.1 1710.6
15.6 4.1 7.9 0.5 59.7 23.0 1.0 3.5 6.6 425.2 -1659.9 6.7 636.3 234.2 11.4 15.2 50.0 27.2 5.7 126.1
0.2 292.3 413.4 0.2 0.2 334.0 163.2 10.1 23.9 8.4 6.7 -1659.2999999999997 83.0 16.3 24.3 144.9 75.5 6.6 45.0 11.1
136.5 3.8 73.7 0.2 264.8 83.9 0.2 52.2 7.1 449.7 636.3 83.0 -2782.5 215.6 5.4 95.3 305.1 48.7 41.4 279.6
26.5 0.2 12.9 2.0 167.8 9.5 0.2 5.8 13.1 90.3 234.2 16.3 215.6 -1564.6999999999998 10.5 32.2 19.3 58.2 590.5 59.6
61.8 7.5 22.6 0.2 8.1 52.2 20.6 1.3 15.6 2.6 11.4 24.3 5.4 10.5 -404.09999999999997 79.7 56.9 1.3 4.2 17.9
644.9 11.8 420.2 51.4 656.3 96.4 38.4 257.1 23.1 7.2 15.2 144.9 95.3 32.2 79.7 -3329.9000000000005 666.3 10.3 29.7 49.5
378.1 3.2 184.6 2.3 199.0 39.4 34.5 5.2 19.4 222.3 50.0 75.5 305.1 19.3 56.9 666.3 -2690.1 3.6 29.0 396.4
3.1 16.9 6.4 0.2 36.1 6.1 3.5 12.3 4.5 9.7 27.2 6.6 48.7 58.2 1.3 10.3 3.6 -348.2 79.8 13.7
2.1 13.8 141.6 13.9 76.7 52.3 10.0 4.3 266.5 13.1 5.7 45.0 41.4 590.5 4.2 29.7 29.0 79.8 -1435.1999999999998 15.6
321.9 5.1 7.1 3.7 243.8 9.0 16.3 23.7 0.3 1710.6 126.1 11.1 279.6 59.6 17.9 49.5 396.4 13.7 15.6 -3310.9999999999995

PMB
-20.744993979 0.674995699 0.589645178 0.462499504 1.065445546 1.111766964 1.046334652 1.587964372 0.580830874 0.464590585 0.804404505 0.831998835 1.546725076 0.546169219 1.241586045 3.452308792 1.751412803 0.35011051 0.573154753 2.063050067
0.674995699 -19.985352072999998 1.189067034 0.605460903 0.31444833 2.967840934 1.201770702 0.523770553 1.457127446 0.35964586 0.520701585 4.956476453 0.81346254 0.303437244 0.65577338 0.910144334 0.89517149 0.618778365 0.628599063 0.388680158
0.589645178 1.189067034 -23.938275953 3.573373315 0.589852457 2.299755865 1.277836748 1.374854049 2.283037894 0.426069419 0.41009447 2.037575629 0.737846301 0.425193716 0.711495595 2.572577221 1.823161023 0.422407388 0.720013799 0.474418852
0.462499504 0.605460903 3.573373315 -19.044819726 0.246951424 1.686058219 4.399995525 0.734992057 0.839348444 0.266775558 0.269124919 1.114178954 0.341932741 0.219005213 0.775624818 1.440896785 0.994227284 0.362495245 0.436220437 0.275658381
1.065445546 0.31444833 0.589852457 0.246951424 -9.757406249 0.245163782 0.091071867 0.31706632 0.411543728 0.417547309 0.450795211 0.274163536 0.618614612 0.669206193 0.198679914 0.99870098 0.847312432 0.445669347 0.55626163 0.998911631
1.111766964 2.967840934 2.299755865 1.686058219 0.245163782 -27.417835049999997 4.15967899 0.596789898 1.812173605 0.315256838 0.625792937 3.521346591 2.067388546 0.406042546 0.850116543 1.348272505 1.320626678 0.72038474 0.728970584 0.634408285
1.046334652 1.201770702 1.277836748 4.399995525 0.091071867 4.15967899 -21.561039173 0.463812837 0.877842609 0.30421529 0.32078471 2.415974716 0.531773639 0.224154698 0.794584081 1.205509425 0.949599791 0.261258229 0.50720003 0.527640634
1.587964372 0.523770553 1.374854049 0.734992057 0.31706632 0.596789898 0.463812837 -11.426752776999999 0.476331437 0.180198883 0.259854426 0.581001076 0.465349326 0.35402891 0.588254139 1.402122097 0.542185658 0.37874827 0.284727562 0.314700907
0.580830874 1.457127446 2.283037894 0.839348444 0.411543728 1.812173605 0.877842609 0.476331437 -16.657976383999998 0.285186418 0.363981358 0.985885486 0.380925433 0.576231691 0.456058589 0.799966711 0.83039281 0.72436751 2.210952064 0.305792277
0.464590585 0.35964586 0.426069419 0.266775558 0.417547309 0.315256838 0.30421529 0.180198883 0.285186418 -23.810680268 4.162454693 0.374784947 3.65807012 1.495264661 0.366232942 0.530641901 1.114132523 0.516260502 0.570562395 8.002789424
0.804404505 0.520701585 0.41009447 0.269124919 0.450795211 0.625792937 0.32078471 0.259854426 0.363981358 4.162454693 -21.412243196000006 0.498011337 5.002338375 2.392638293 0.430073179 0.402471997 0.779827336 0.794797115 0.811019594 2.113077156
0.831998835 4.956476453 2.037575629 1.114178954 0.274163536 3.521346591 2.415974716 0.581001076 0.985885486 0.374784947 0.498011337 -23.707904281999998 0.661095832 0.269496317 1.036079005 1.234648153 1.290709079 0.43340962 0.664884513 0.526184203
1.546725076 0.81346254 0.737846301 0.341932741 0.618614612 2.067388546 0.531773639 0.465349326 0.380925433 3.65807012 5.002338375 0.661095832 -25.405173810999997 2.306919847 0.337502282 0.945453716 1.551488041 0.768395107 0.93253606 1.737356217
0.546169219 0.303437244 0.425193716 0.219005213 0.669206193 0.406042546 0.224154698 0.35402891 0.576231691 1.495264661 2.392638293 0.269496317 2.306919847 -22.174833279999998 0.481144863 0.613230817 0.718895136 3.29519344 5.894735673 0.983844803
1.241586045 0.65577338 0.711495595 0.775624818 0.198679914 0.850116543 0.794584081 0.588254139 0.456058589 0.366232942 0.430073179 1.036079005 0.337502282 0.481144863 -12.406752448999997 1.217683028 0.780913179 0.499869138 0.433748126 0.551333603
3.452308792 0.910144334 2.572577221 1.440896785 0.99870098 1.348272505 1.205509425 1.402122097 0.799966711 0.530641901 0.402471997 1.234648153 0.945453716 0.613230817 1.217683028 -25.121247825999998 4.448982584 0.496334956 0.593795813 0.507506011
1.751412803 0.89517149 1.823161023 0.994227284 0.847312432 1.320626678 0.949599791 0.542185658 0.83039281 1.114132523 0.779827336 1.290709079 1.551488041 0.718895136 0.780913179 4.448982584 -23.445961782999998 0.38372361 0.523549536 1.89965079
0.35011051 0.618778365 0.422407388 0.362495245 0.445669347 0.72038474 0.261258229 0.37874827 0.72436751 0.516260502 0.794797115 0.43340962 0.768395107 3.29519344 0.499869138 0.496334956 0.38372361 -14.898021852 2.996248013 0.429570747
0.573154753 0.628599063 0.720013799 0.436220437 0.55626163 0.728970584 0.50720003 0.284727562 2.210952064 0.570562395 0.811019594 0.664884513 0.93253606 5.894735673 0.433748126 0.593795813 0.523549536 2.996248013 -20.783975108 0.716795463
2.063050067 0.388680158 0.474418852 0.275658381 0.998911631 0.634408285 0.527640634 0.314700907 0.305792277 8.002789424 2.113077156 0.526184203 1.737356217 0.983844803 0.551333603 0.507506011 1.89965079 0.429570747 0.716795463 -23.451369608999997

HIVB
-34.0370163 0.307507 0.005 1.45504 0.123758 0.0551128 1.48135 2.13536 0.0847613 0.005 0.215256 0.005 0.0186643 0.0141269 2.12217 2.46633 15.9183 0.005 0.005 7.61428
0.307507 -50.21157046 0.295543 0.005 0.351721 3.4215 0.0749218 3.65345 9.04044 0.677289 0.701427 20.45 2.51394 0.005 1.28355 3.4791 2.86868 0.991338 0.00991826 0.0812454
0.005 0.295543 -57.202960280000006 17.6612 0.0860642 0.672052 0.0792633 0.323401 7.64585 0.680565 0.005 7.90443 0.005 0.005 0.00739578 13.1447 6.88667 0.005 1.76417 0.026656
1.45504 0.005 17.6612 -37.079642480000004 0.005 0.005 10.5872 2.83806 1.9169 0.0176792 0.00876048 0.005 0.005 0.005 0.0342658 0.52823 0.274724 0.005 0.674653 1.04793
0.123758 0.351721 0.0860642 0.005 -27.2276402 0.005 0.005 0.897871 0.240073 0.005 0.129777 0.005 0.005 9.29815 0.005 4.69314 0.739969 2.63277 7.57932 0.420027
0.0551128 3.4215 0.672052 0.005 0.005 -27.184448800000002 2.5602 0.0619137 7.05545 0.005 1.49456 6.54737 0.303676 0.005 4.47211 0.116311 0.243589 0.026656 0.113033 0.0209153
1.48135 0.0749218 0.0792633 10.5872 0.005 2.5602 -25.061654790000002 3.92775 0.11974 0.00609079 0.005 4.61482 0.175789 0.005 0.0120226 0.005 0.289774 0.005 0.0792633 1.02847
2.13536 3.65345 0.323401 2.83806 0.897871 0.0619137 3.92775 -21.600991699999998 0.005 0.005 0.005 0.521705 0.005 0.291561 0.005 4.38041 0.369615 1.21674 0.005 0.953155
0.0847613 9.04044 7.64585 1.9169 0.240073 7.05545 0.11974 0.005 -50.42493220000001 0.103111 1.74171 0.005 0.005 0.145558 2.45318 0.382747 0.711594 0.0695179 18.6943 0.005
0.005 0.677289 0.680565 0.0176792 0.005 0.005 0.00609079 0.005 0.103111 -50.15403129 5.95879 0.322319 11.2065 3.39836 0.0410593 1.21803 8.61217 0.005 0.148168 17.7389
0.215256 0.701427 0.005 0.00876048 0.129777 1.49456 0.005 0.005 1.74171 5.95879 -29.51141228 0.0814995 5.31961 8.52484 2.07757 0.927656 0.0437673 0.748843 0.111986 1.41036
0.005 20.45 7.90443 0.005 0.005 6.54737 4.61482 0.521705 0.005 0.322319 0.0814995 -47.261615500000005 1.28246 0.0342658 0.0313862 0.504111 4.67142 0.005 0.005 0.265829
0.0186643 2.51394 0.005 0.005 0.005 0.303676 0.175789 0.005 0.005 11.2065 5.31961 1.28246 -32.931202299999995 0.188025 0.005 0.005 4.94026 0.089078 0.005 6.8532
0.0141269 0.005 0.005 0.005 9.29815 0.005 0.005 0.291561 0.145558 3.39836 8.52484 0.0342658 0.188025 -39.7881026 0.005 0.956472 0.0141269 0.829343 15.34 0.723274
2.12217 1.28355 0.00739578 0.0342658 0.005 4.47211 0.0120226 0.005 2.45318 0.0410593 2.07757 0.0313862 0.005 0.005 -20.02638838 5.37762 2.01417 0.0444506 0.0304381 0.005
2.46633 3.4791 13.1447 0.52823 4.69314 0.116311 0.005 4.38041 0.382747 1.21803 0.927656 0.504111 0.005 0.956472 5.37762 -47.863745599999994 8.93107 0.0248728 0.648024 0.0749218
15.9183 2.86868 6.88667 0.274724 0.739969 0.243589 0.289774 0.369615 0.711594 8.61217 0.0437673 4.67142 4.94026 0.0141269 2.01417 8.93107 -58.349777200000005 0.005 0.105652 0.709226
0.005 0.991338 0.005 0.005 2.63277 0.026656 0.005 1.21674 0.0695179 0.005 0.748843 0.005 0.089078 0.829343 0.0444506 0.0248728 0.005 -7.9938293 1.28022 0.005
0.005 0.00991826 1.76417 0.674653 7.57932 0.113033 0.0792633 0.005 18.6943 0.148168 0.111986 0.005 0.005 15.34 0.0304381 0.648024 0.105652 1.28022 -46.64020496 0.0410593
7.61428 0.0812454 0.026656 1.04793 0.420027 0.0209153 1.02847 0.953155 0.005 17.7389 1.41036 0.265829 6.8532 0.723274 0.005 0.0749218 0.709226 0.005 0.0410593 -39.02444880000001

HIVW
-72.6631598 0.0744808 0.617509 4.43521 0.167653 0.005 5.56325 1.8685 0.005 0.005 0.16024 0.592784 0.005 0.597923 1.00981 8.5942 24.1422 0.005 0.005 24.8094
0.0744808 -95.18942589999999 0.16024 0.0674539 2.86364 10.6746 0.0251632 13.4379 6.84405 1.34069 0.586757 39.8897 3.28652 0.005 0.404723 8.35024 0.928203 5.96564 0.005 0.279425
0.617509 0.16024 -75.91488220000001 29.4087 0.0604932 0.342068 0.201526 0.0604932 8.59876 0.987028 0.005 10.6655 0.201526 0.005 0.344848 14.5699 4.54206 0.005 5.06475 0.0744808
4.43521 0.0674539 29.4087 -66.08146690000001 0.005 0.005 12.1233 10.3969 2.31779 0.145124 0.005 0.894313 0.005 0.005 0.005 0.427881 0.630395 0.005 2.28154 2.91786
0.167653 2.86364 0.0604932 0.005 -18.527965 0.005 0.005 0.0489798 0.005 0.005 0.005 0.005 0.005 0.362959 0.005 1.12195 0.005 5.49894 8.34835 0.005
0.005 10.6746 0.342068 0.005 0.005 -52.313107200000005 3.20656 0.0604932 18.5465 0.0342252 2.89048 13.0705 0.005 0.005 3.04502 0.16024 0.203091 0.0443298 0.005 0.005
5.56325 0.0251632 0.201526 12.1233 0.005 3.20656 -62.72965239999999 14.7801 0.005 0.0390512 0.129839 23.9626 0.005 0.005 0.005 0.005 0.458743 0.005 0.005 2.19952
1.8685 13.4379 0.0604932 10.3969 0.0489798 0.0604932 14.7801 -53.0064106 0.005 0.005 0.0489798 0.279425 0.0489798 0.005 0.005 6.27966 0.0489798 2.8258 0.005 2.79622
0.005 6.84405 8.59876 2.31779 0.005 18.5465 0.005 0.005 -102.28047600000001 0.005 1.76382 0.22406 0.005 0.005 13.9444 0.725157 0.95956 0.005 47.4889 0.827479
0.005 1.34069 0.987028 0.145124 0.005 0.0342252 0.0390512 0.005 0.005 -66.3264924 9.10246 0.817481 17.3064 1.48288 0.005 0.740091 9.36345 0.005 0.114512 24.8231
0.16024 0.586757 0.005 0.005 0.005 2.89048 0.129839 0.0489798 1.76382 9.10246 -53.882945799999995 0.005 11.3839 7.48781 9.83095 6.14396 0.005 1.37031 0.005 2.95344
0.592784 39.8897 10.6655 0.894313 0.005 13.0705 23.9626 0.279425 0.22406 0.817481 0.005 -98.81001599999999 4.09564 0.005 0.111928 0.005 4.04802 0.005 0.005 0.128065
0.005 3.28652 0.201526 0.005 0.005 0.005 0.005 0.0489798 0.005 17.3064 11.3839 4.09564 -59.5211688 0.005 0.005 0.392575 7.41313 0.005 0.579198 14.7683
0.597923 0.005 0.005 0.005 0.362959 0.005 0.005 0.005 0.005 1.48288 7.48781 0.005 0.005 -20.8169792 0.0342252 4.27939 0.114512 0.005 4.12728 2.28
1.00981 0.404723 0.344848 0.005 0.005 3.04502 0.005 0.005 13.9444 0.005 9.83095 0.111928 0.005 0.0342252 -47.356914200000006 14.249 4.33701 0.005 0.005 0.005
8.5942 8.35024 14.5699 0.427881 1.12195 0.16024 0.005 6.27966 0.725157 0.740091 6.14396 0.005 0.392575 4.27939 14.249 -75.282373 6.34079 1.10156 0.933142 0.862637
24.1422 0.928203 4.54206 0.630395 0.005 0.203091 0.458743 0.0489798 0.95956 9.36345 0.005 4.04802 7.41313 0.114512 4.33701 6.34079 -64.0407518 0.005 0.490608 0.005
0.005 5.96564 0.005 0.005 5.49894 0.0443298 0.005 2.8258 0.005 0.005 1.37031 0.005 0.005 0.005 0.005 1.10156 0.005 -16.871579799999996 0.005 0.005
0.005 0.005 5.06475 2.28154 8.34835 0.005 0.005 0.005 47.4889 0.114512 0.005 0.005 0.579198 4.12728 0.005 0.933142 0.490608 0.005 -70.8281 1.35482
24.8094 0.279425 0.0744808 2.91786 0.005 0.005 2.19952 2.79622 0.827479 24.8231 2.95344 0.128065 14.7683 2.28 0.005 0.862637 0.005 0.005 1.35482 -81.09974679999999

JTTDCMUT
-21.301160000000003 0.531678 0.557967 0.827445 0.574478 0.556725 1.066681 1.740159 0.21997 0.361684 0.310007 0.369437 0.469395 0.138293 1.959599 3.887095 4.582565 0.084329 0.139492 2.924161
0.531678 -21.733265 0.451095 0.154899 1.019843 3.021995 0.318483 1.359652 3.210671 0.239195 0.372261 6.529255 0.431045 0.065314 0.710489 1.001551 0.650282 1.257961 0.235601 0.171995
0.557967 0.451095 -25.00395 5.54953 0.313311 0.768834 0.578115 0.773313 4.025778 0.491003 0.137289 2.529517 0.33072 0.073481 0.121804 5.057964 2.351311 0.0277 0.700693 0.164525
0.827445 0.154899 5.54953 -19.881191000000005 0.105625 0.521646 7.766557 1.272434 1.032342 0.115968 0.061486 0.282466 0.190001 0.032522 0.127164 0.589268 0.425159 0.057466 0.453952 0.315261
0.574478 1.019843 0.313311 0.105625 -11.470716 0.091304 0.053907 0.546389 0.724998 0.150559 0.164593 0.049009 0.409202 0.678335 0.123653 2.155331 0.469823 1.104181 2.114852 0.621323
0.556725 3.021995 0.768834 0.521646 0.091304 -21.837653999999997 3.417706 0.231294 5.68408 0.07827 0.709004 2.966732 0.456901 0.045683 1.608126 0.548807 0.523825 0.172206 0.254745 0.179771
1.066681 0.318483 0.578115 7.766557 0.053907 3.417706 -18.199835000000004 1.115632 0.243768 0.111773 0.097485 1.731684 0.175084 0.043829 0.191994 0.312449 0.331584 0.114381 0.063452 0.465271
1.740159 1.359652 0.773313 1.272434 0.546389 0.231294 1.115632 -11.280320000000001 0.201696 0.053769 0.069492 0.26984 0.130379 0.050212 0.208081 1.874296 0.316862 0.54418 0.0525 0.47014
0.21997 3.210671 4.025778 1.032342 0.724998 5.68408 0.243768 0.201696 -25.835039999999996 0.181788 0.540571 0.525096 0.32966 0.453428 1.141961 0.743458 0.477355 0.128193 5.8484 0.121827
0.361684 0.239195 0.491003 0.115968 0.150559 0.07827 0.111773 0.053769 0.181788 -22.959869 2.335139 0.202562 4.831666 0.77709 0.09858 0.405119 2.553806 0.13451 0.303445 9.533943
0.310007 0.372261 0.137289 0.061486 0.164593 0.709004 0.097485 0.069492 0.540571 2.335139 -15.759393999999999 0.146481 3.856906 2.500294 1.060504 0.592511 0.272514 0.530324 0.241094 1.761439
0.369437 6.529255 2.529517 0.282466 0.049009 2.966732 1.731684 0.26984 0.525096 0.202562 0.146481 -18.208749 0.624581 0.024521 0.216345 0.474478 0.965641 0.089134 0.087904 0.124066
0.469395 0.431045 0.33072 0.190001 0.409202 0.456901 0.175084 0.130379 0.32966 4.831666 3.856906 0.624581 -18.665965 0.436181 0.164215 0.285564 2.114728 0.201334 0.18987 3.038533
0.138293 0.065314 0.073481 0.032522 0.678335 0.045683 0.043829 0.050212 0.453428 0.77709 2.500294 0.024521 0.436181 -13.166177 0.148483 0.943971 0.138904 0.537922 5.484236 0.593478
1.959599 0.710489 0.121804 0.127164 0.123653 1.608126 0.191994 0.208081 1.141961 0.09858 1.060504 0.216345 0.164215 0.148483 -12.241741 2.788406 1.176961 0.069965 0.11385 0.211561
3.887095 1.001551 5.057964 0.589268 2.155331 0.548807 0.312449 1.874296 0.743458 0.405119 0.592511 0.474478 0.285564 0.943971 2.788406 -27.785981999999997 4.777647 0.310927 0.628608 0.408532
4.582565 0.650282 2.351311 0.425159 0.469823 0.523825 0.331584 0.316862 0.477355 2.553806 0.272514 0.965641 2.114728 0.138904 1.176961 4.777647 -23.554597000000005 0.080556 0.201094 1.14398
0.084329 1.257961 0.0277 0.057466 1.104181 0.172206 0.114381 0.54418 0.128193 0.13451 0.530324 0.089134 0.201334 0.537922 0.069965 0.310927 0.080556 -6.432854999999999 0.747889 0.239697
0.139492 0.235601 0.700693 0.453952 2.114852 0.254745 0.063452 0.0525 5.8484 0.303445 0.241094 0.087904 0.18987 5.484236 0.11385 0.628608 0.201094 0.747889 -18.027150000000002 0.165473
2.924161 0.171995 0.164525 0.315261 0.621323 0.179771 0.465271 0.47014 0.121827 9.533943 1.761439 0.124066 3.038533 0.593478 0.211561 0.408532 1.14398 0.239697 0.165473 -22.654975999999998

FLU
-17.610246572 0.138658765 0.053366579 0.584852306 0.026447095 0.353753982 1.484234503 1.132313122 0.214757862 0.149926734 0.023116952 0.47433361 0.058745423 0.080490909 0.659311478 3.011344519 5.418298175 0.196 0.018289288 3.53200527
0.138658765 -26.570460947999997 0.161000889 0.006771843 0.167207008 3.292716942 0.124897617 1.190624465 1.879569938 0.246117172 0.296045557 15.30009662 0.890162346 0.0161 0.15402718 0.95013841 0.183076905 1.369429408 0.099855497 0.103964386
0.053366579 0.161000889 -19.567970785 7.737392871 1.3e-05 0.530642655 0.061652192 0.322524648 1.387096032 0.218571975 0.000836 2.646847965 0.005251688 0.000836 0.0364 3.881310531 2.140332316 0.000536 0.373101927 0.010257517
0.584852306 0.006771843 7.737392871 -18.518054913000004 0.0141 0.145469388 5.370511279 1.934832784 0.887570549 0.014085917 0.005730682 0.29004298 0.041762964 1.06e-06 0.188539456 0.338372183 0.135481233 1.49e-05 0.525398543 0.297123975
0.026447095 0.167207008 1.3e-05 0.0141 -1.670238773 0.002547334 0.0 0.116941459 0.0218 0.001112158 0.005613627 3.83e-06 0.11145731 0.104053666 0.0 0.336263345 0.011975266 0.09410668 0.601692431 0.054904564
0.353753982 3.292716942 0.530642655 0.145469388 0.002547334 -17.116694906000003 1.195629122 0.108051341 5.330313412 0.02883995 1.020366955 2.559587177 0.190259181 0.032680657 0.712769599 0.487822499 0.602340963 0.044 0.072205935 0.406697814
1.484234503 0.124897617 0.061652192 5.370511279 0.0 1.195629122 -15.764891929000001 1.593098825 0.256491863 0.0142 0.016499536 3.881488809 0.313974351 0.001003501 0.319558828 0.307140298 0.280124895 0.155245492 0.10409287 0.285047948
1.132313122 1.190624465 0.322524648 1.934832784 0.116941459 0.108051341 1.593098825 -8.982197172000001 0.058774527 1.63e-05 0.006516229 0.264148929 0.001500467 0.001236645 0.038631761 1.585646577 0.01880803 0.196486447 0.074814997 0.337229619
0.214757862 1.879569938 1.387096032 0.887570549 0.0218 5.330313412 0.256491863 0.058774527 -19.512651363 0.243190142 0.321611694 0.347302791 0.001273509 0.119028506 0.924466914 0.58070425 0.368713573 0.0224 6.448954446 0.098631355
0.149926734 0.246117172 0.218571975 0.014085917 0.001112158 0.02883995 0.0142 1.63e-05 0.243190142 -33.112247399 3.512072282 0.227707997 9.017954203 1.463357278 0.080543327 0.290381075 2.904052286 0.03213215 0.273934263 14.39405219
0.023116952 0.296045557 0.000836 0.005730682 0.005613627 1.020366955 0.016499536 0.006516229 0.321611694 3.512072282 -17.983305955 0.129223639 6.746936485 2.986800036 0.634308521 0.570766693 0.044926357 0.431277663 0.340058468 0.890598579
0.47433361 15.30009662 2.646847965 0.29004298 3.83e-06 2.559587177 3.881488809 0.264148929 0.347302791 0.227707997 0.129223639 -29.864192421999995 1.331291619 0.32 0.195750632 0.283807672 1.5269642 4.98e-05 0.012416222 0.07312793
0.058745423 0.890162346 0.005251688 0.041762964 0.11145731 0.190259181 0.313974351 0.001500467 0.001273509 9.017954203 6.746936485 1.331291619 -26.935492413000006 0.279910509 0.0569 0.007026588 2.031511321 0.070460039 0.874272175 4.904842235
0.080490909 0.0161 0.000836 1.06e-06 0.104053666 0.032680657 0.001003501 0.001236645 0.119028506 1.463357278 2.986800036 0.32 0.279910509 -13.210717097 0.00713243 0.99668567 0.000134906 0.814753094 5.393924245 0.592587985
0.659311478 0.15402718 0.0364 0.188539456 0.0 0.712769599 0.319558828 0.038631761 0.924466914 0.080543327 0.634308521 0.195750632 0.0569 0.00713243 -6.69756156 2.087385344 0.542251094 0.000431021 0.000182 0.058971975
3.011344519 0.95013841 3.881310531 0.338372183 0.336263345 0.487822499 0.307140298 1.585646577 0.58070425 0.290381075 0.570766693 0.283807672 0.007026588 0.99668567 2.087385344 -18.502300004000002 2.206859934 0.099835753 0.39255224 0.088256423
5.418298175 0.183076905 2.140332316 0.135481233 0.011975266 0.602340963 0.280124895 0.01880803 0.368713573 2.904052286 0.044926357 1.5269642 2.031511321 0.000134906 0.542251094 2.206859934 -19.401924788 0.207066206 0.12489802 0.654109108
0.196 1.369429408 0.000536 1.49e-05 0.09410668 0.044 0.155245492 0.196486447 0.0224 0.03213215 0.431277663 4.98e-05 0.070460039 0.814753094 0.000431021 0.099835753 0.207066206 -4.418880544 0.42775543 0.256900461
0.018289288 0.099855497 0.373101927 0.525398543 0.601692431 0.072205935 0.10409287 0.074814997 6.448954446 0.273934263 0.340058468 0.012416222 0.874272175 5.393924245 0.000182 0.39255224 0.12489802 0.42775543 -16.325980644 0.167581647
3.53200527 0.103964386 0.010257517 0.297123975 0.054904564 0.406697814 0.285047948 0.337229619 0.098631355 14.39405219 0.890598579 0.07312793 4.904842235 0.592587985 0.058971975 0.088256423 0.654109108 0.256900461 0.167581647 -27.206890981

MTMET
-16.53907479227608 0.058078177576542 0.032893910131824 0.119156819252943 0.633255658023246 0.052454931263516 0.179163834250834 1.46586184024132 0.030192120942361 0.367600338719865 0.10987273303817 0.020509501847148 0.653363796990802 0.062762236171324 0.408076930576884 2.7716851834942 6.73088314073445 0.01359999592 0.014501402649578 2.81516224045107
0.058078177576542 -7.582320753303089 0.141364232590718 0.049700397089876 0.739813635055843 2.67310728706757 0.080835456749356 0.219967058009863 1.52225640832294 0.012428572271427 0.058179997545996 1.05718531584431 0.01349402995179 0.008039997588 0.15500851949743 0.197379125786245 0.056079796176056 0.370819780754032 0.1275192937442 0.041063671680895
0.032893910131824 0.141364232590718 -17.211087803672115 4.65841867347398 0.2929999121 0.83279128316254 0.812240880327663 0.543750593874773 1.73867912239611 0.24493469151957 0.04629998611 2.53039767088047 0.399827603051683 0.1389999583 0.08029997591 2.63437772368645 0.961284804614472 0.0489999853 1.02078518476435 0.051741611477512
0.119156819252943 0.049700397089876 4.65841867347398 -13.07760746471659 0.07739997678 0.131355662593289 6.03378717186331 0.63075310977401 0.479790968062666 0.010668852799343 0.005529142341257 0.049007441297763 0.026109939167016 0.01259999622 0.044609549617131 0.360804672758566 0.102136190359134 0.04089998773 0.160289909913013 0.084589003623291
0.633255658023246 0.739813635055843 0.2929999121 0.07739997678 -13.465453564362715 0.152595162221438 0.05059998482 0.914125315762323 0.6039998188 0.235804174258726 0.299518907144301 0.01579999526 0.492339996297957 0.925810586256741 0.02939999118 3.28301388609554 0.338668094399541 1.01841017947685 1.96737066478862 1.39452762564159
0.052454931263516 2.67310728706757 0.83279128316254 0.131355662593289 0.152595162221438 -15.001995745399913 2.23661695201471 0.072395514281339 4.51844953546473 0.008875683337294 0.25445239066426 1.82721763783454 0.23709429487169 0.026306317108103 0.849512180146269 0.384800168559915 0.274195864741216 0.1229999631 0.319105692268264 0.02766922469923
0.179163834250834 0.080835456749356 0.812240880327663 6.03378717186331 0.05059998482 2.23661695201471 -12.779777061065738 0.768853064344011 0.105414703375579 0.0139999958 0.019157613252714 1.37921736923467 0.128410015476984 0.017716302685108 0.04878628436411 0.36310435706866 0.134802630559199 0.086028769191362 0.093214693035584 0.227826982651885
1.46586184024132 0.219967058009863 0.543750593874773 0.63075310977401 0.914125315762323 0.072395514281339 0.768853064344011 -7.504582068624712 0.025252648424203 0.01379999586 0.027264545820634 0.134187134743847 0.14533142240056 0.068139260558216 0.005914204225738 1.74656962102896 0.024558282632513 0.233963300810989 0.046746326976098 0.417148828855314
0.030192120942361 1.52225640832294 1.73867912239611 0.479790968062666 0.6039998188 4.51844953546473 0.105414703375579 0.025252648424203 -14.39863446040836 0.017140133857958 0.111638903508319 0.135153622453901 0.032834304149706 0.09035303989408 0.519954219013687 0.297585994724175 0.221010542696817 0.03749998875 3.90791737862443 0.003511006946698
0.367600338719865 0.012428572271427 0.24493469151957 0.010668852799343 0.235804174258726 0.008875683337294 0.0139999958 0.01379999586 0.017140133857958 -20.249394495179786 1.89797379860769 0.064936591519017 2.91835233249404 0.750900315729838 0.024850013544994 0.096272835118141 2.45345740696256 0.028656788402961 0.135319420404162 10.9534225539722
0.10987273303817 0.058179997545996 0.04629998611 0.005529142341257 0.299518907144301 0.25445239066426 0.019157613252714 0.027264545820634 0.111638903508319 1.89797379860769 -10.298089943572094 0.061324501602644 3.42555268133389 1.81110068966963 0.270260699921766 0.311525037542461 0.253366627989989 0.253242937027096 0.1235552949334 0.958273455517877
0.020509501847148 1.05718531584431 2.53039767088047 0.049007441297763 0.01579999526 1.82721763783454 1.37921736923467 0.134187134743847 0.135153622453901 0.064936591519017 0.061324501602644 -9.652182191344476 0.659310562206772 0.09709997087 0.121234884629524 0.695087919473562 0.393851585844489 0.07349997795 0.281699089490248 0.05546141836157
0.653363796990802 0.01349402995179 0.399827603051683 0.026109939167016 0.492339996297957 0.23709429487169 0.128410015476984 0.14533142240056 0.032834304149706 2.91835233249404 3.42555268133389 0.659310562206772 -16.453752844872668 0.748424772472501 0.03269999019 0.458733958379771 3.03521481543528 0.167575267727405 0.316598936020291 2.56248412625453
0.062762236171324 0.008039997588 0.1389999583 0.01259999622 0.925810586256741 0.026306317108103 0.017716302685108 0.068139260558216 0.09035303989408 0.750900315729838 1.81110068966963 0.09709997087 0.748424772472501 -9.37193026542008 0.054271872718433 0.49934975119503 0.053947726815677 0.330781828765422 3.20908234027501 0.466243302126967
0.408076930576884 0.15500851949743 0.08029997591 0.044609549617131 0.02939999118 0.849512180146269 0.04878628436411 0.005914204225738 0.519954219013687 0.024850013544994 0.270260699921766 0.121234884629524 0.03269999019 0.054271872718433 -4.7481768125465225 1.23118044964575 0.734604689618527 0.02943385716984 0.0539999838 0.05407851677644
2.7716851834942 0.197379125786245 2.63437772368645 0.360804672758566 3.28301388609554 0.384800168559915 0.36310435706866 1.74656962102896 0.297585994724175 0.096272835118141 0.311525037542461 0.695087919473562 0.458733958379771 0.49934975119503 1.23118044964575 -19.25671819398282 3.11474197257713 0.169211978236391 0.374184173744714 0.26710938486716
6.73088314073445 0.056079796176056 0.961284804614472 0.102136190359134 0.338668094399541 0.274195864741216 0.134802630559199 0.024558282632513 0.221010542696817 2.45345740696256 0.253366627989989 0.393851585844489 3.03521481543528 0.053947726815677 0.734604689618527 3.11474197257713 -20.50227376331603 0.014378611686415 0.091031759690464 1.5140592197821
0.01359999592 0.370819780754032 0.0489999853 0.04089998773 1.01841017947685 0.1229999631 0.086028769191362 0.233963300810989 0.03749998875 0.028656788402961 0.253242937027096 0.07349997795 0.167575267727405 0.330781828765422 0.02943385716984 0.169211978236391 0.014378611686415 -3.614183597744591 0.481044171686705 0.093136228059123
0.014501402649578 0.1275192937442 1.02078518476435 0.160289909913013 1.96737066478862 0.319105692268264 0.093214693035584 0.046746326976098 3.90791737862443 0.135319420404162 0.1235552949334 0.281699089490248 0.316598936020291 3.20908234027501 0.0539999838 0.374184173744714 0.091031759690464 0.481044171686705 -12.793930235819769 0.069964519010638
2.81516224045107 0.041063671680895 0.051741611477512 0.084589003623291 1.39452762564159 0.02766922469923 0.227826982651885 0.417148828855314 0.003511006946698 10.9534225539722 0.958273455517877 0.05546141836157 2.56248412625453 0.466243302126967 0.05407851677644 0.26710938486716 1.5140592197821 0.093136228059123 0.069964519010638 -22.057472920756094

MTVER
-14.71896257347763 0.064684593342281 0.032311373155679 0.159447300723611 0.246553724276801 0.030870542435264 0.191894227947066 1.0942009391002 0.023294179647084 0.412485044242419 0.078175506087734 0.020785858392924 0.751880839940232 0.064446525223247 0.285569393784626 2.48181789490833 5.56270161234942 0.00842000421 0.012484943242469 3.19693807046824
0.064684593342281 -8.89836756518157 0.153152767576346 0.060872136436053 1.22366768383354 3.17038713919278 0.094355879177916 0.29247126723556 2.20473565536728 0.001173176586588 0.078821952410957 0.418858706429249 0.003339427669713 0.00248000124 0.223106325553107 0.135104231552082 0.028643207321597 0.558540909270315 0.14634275217134 0.037629752814867
0.032311373155679 0.153152767576346 -21.307790074889716 8.76049710424636 0.336000168 0.392967223483514 0.335734154866994 0.566907089453403 2.46227166313522 0.126395609197773 0.00452000226 2.45822387511132 0.036342279171131 0.01030000515 0.03450001725 3.85477709838759 0.865443620721594 0.00668000334 0.85696980948469 0.013796210898102
0.159447300723611 0.060872136436053 8.76049710424636 -18.472892519441643 0.1210000605 0.083338219669089 6.60363863281767 0.99925693962822 0.818112173055882 0.002450024225012 0.002303982151991 0.01952784976392 0.005454655727327 0.005850002925 0.027518484759236 0.371726663863239 0.090462201231078 0.02690001345 0.186328057163982 0.128208017103977
0.246553724276801 1.22366768383354 0.336000168 0.1210000605 -16.755783894887777 0.116173343086643 0.0364000182 0.916865240432391 1.4000007 0.067512580756274 0.170993012496464 0.0248000124 0.084565948282953 1.07195028797488 0.01890000945 3.35914875457354 0.152312893156409 1.77885974342943 5.24821958310848 0.38186013092997
0.030870542435264 3.17038713919278 0.392967223483514 0.083338219669089 0.116173343086643 -14.16490742845018 2.01814389707144 0.042512995256487 4.28273355936571 0.004179092089545 0.25158378479183 2.00170557385229 0.118300117150029 0.012628428314211 0.918408714204128 0.243906745953312 0.113601717800831 0.124000062 0.228833221416554 0.010633051316523
0.191894227947066 0.094355879177916 0.335734154866994 6.60363863281767 0.0364000182 2.01814389707144 -13.288532942263151 1.1627159783577 0.081141411570686 0.001250000625 0.007547828773913 2.1541796840893 0.064939181469575 0.00033294016647 0.027495640747814 0.097749778874865 0.095055222527588 0.06234139117068 0.037356125678054 0.21626094813042
1.0942009391002 0.29247126723556 0.566907089453403 0.99925693962822 0.916865240432391 0.042512995256487 1.1627159783577 -7.2351452935708425 0.013333256666625 0.00312000156 0.007030631515314 0.106373697186822 0.034441699220841 0.015567819783906 0.001858863929432 1.2472836256415 0.008518901259449 0.258646151323011 0.021047207523599 0.442992988496384
0.023294179647084 2.20473565536728 2.46227166313522 0.818112173055882 1.4000007 4.28273355936571 0.081141411570686 0.013333256666625 -22.3150849325369 0.022239993119991 0.148659642329784 0.176407170203541 0.024341806170897 0.173363959681937 0.679485296742479 0.445289314644546 0.150502737251331 0.0306000153 9.17581243690393 0.00275996137998
0.412485044242419 0.001173176586588 0.126395609197773 0.002450024225012 0.067512580756274 0.004179092089545 0.001250000625 0.00312000156 0.022239993119991 -21.304998930494108 1.37898192149062 0.005826060913029 2.70908527054196 0.516016662008202 0.018484697242344 0.044145011072495 2.43917856158867 0.00190113995057 0.045429850714914 13.5051442325687
0.078175506087734 0.078821952410957 0.00452000226 0.002303982151991 0.170993012496464 0.25158378479183 0.007547828773913 0.007030631515314 0.148659642329784 1.37898192149062 -9.783581581788358 0.022236503118246 3.10254928527387 2.40341945970913 0.366808261404039 0.440667041333411 0.173310979655447 0.186367686183797 0.103344604672277 0.856259496129534
0.020785858392924 0.418858706429249 2.45822387511132 0.01952784976392 0.0248000124 2.00170557385229 2.1541796840893 0.106373697186822 0.176407170203541 0.005826060913029 0.022236503118246 -8.705933760964705 0.440831886415833 0.0104000052 0.141827309913619 0.187506484753196 0.399752584876193 0.0294000147 0.062036757018363 0.025253726626857
0.751880839940232 0.003339427669713 0.036342279171131 0.005454655727327 0.084565948282953 0.118300117150029 0.064939181469575 0.034441699220841 0.024341806170897 2.70908527054196 3.10254928527387 0.440831886415833 -16.040629788310895 0.123894605947272 0.03090001545 0.137172898586415 3.73680650940232 0.056840260420116 0.079617080808521 4.49932602066189
0.064446525223247 0.00248000124 0.01030000515 0.005850002925 1.07195028797488 0.012628428314211 0.00033294016647 0.015567819783906 0.173363959681937 0.516016662008202 2.40341945970913 0.0104000052 0.123894605947272 -9.84491685845598 0.070221307110636 0.886724514362035 0.061993007996489 0.091906956953456 3.98726086262944 0.336159506079669
0.285569393784626 0.223106325553107 0.03450001725 0.027518484759236 0.01890000945 0.918408714204128 0.027495640747814 0.001858863929432 0.679485296742479 0.018484697242344 0.366808261404039 0.141827309913619 0.03090001545 0.070221307110636 -5.49796543198134 1.96139566969734 0.573808396904055 0.02000890900445 0.07190003595 0.025768082884035
2.48181789490833 0.135104231552082 3.85477709838759 0.371726663863239 3.35914875457354 0.243906745953312 0.097749778874865 1.2472836256415 0.445289314644546 0.044145011072495 0.440667041333411 0.187506484753196 0.137172898586415 0.886724514362035 1.96139566969734 -19.485318588654426 2.84537355068606 0.144081317040623 0.543167000583365 0.058280992140482
5.56270161234942 0.028643207321597 0.865443620721594 0.090462201231078 0.152312893156409 0.113601717800831 0.095055222527588 0.008518901259449 0.150502737251331 2.43917856158867 0.173310979655447 0.399752584876193 3.73680650940232 0.061993007996489 0.573808396904055 2.84537355068606 -18.702951142470898 0.003186142593071 0.084368299184129 1.31793099596517
0.00842000421 0.558540909270315 0.00668000334 0.02690001345 1.77885974342943 0.124000062 0.06234139117068 0.258646151323011 0.0306000153 0.00190113995057 0.186367686183797 0.0294000147 0.056840260420116 0.091906956953456 0.02000890900445 0.144081317040623 0.003186142593071 -3.724203854101003 0.288348349174103 0.047174784587381
0.012484943242469 0.14634275217134 0.85696980948469 0.186328057163982 5.24821958310848 0.228833221416554 0.037356125678054 0.021047207523599 9.17581243690393 0.045429850714914 0.103344604672277 0.062036757018363 0.079617080808521 3.98726086262944 0.07190003595 0.543167000583365 0.084368299184129 0.288348349174103 -21.207553365771396 0.028686388343187
3.19693807046824 0.037629752814867 0.013796210898102 0.128208017103977 0.38186013092997 0.010633051316523 0.21626094813042 0.442992988496384 0.00275996137998 13.5051442325687 0.856259496129534 0.025253726626857 4.49932602066189 0.336159506079669 0.025768082884035 0.058280992140482 1.31793099596517 0.047174784587381 0.028686388343187 -25.131063357525363

MTINV
-14.923211694712931 0.074334218266301 0.023989052404375 0.100963342614647 1.30366367453432 0.090980768607678 0.145240519903769 1.93155428137798 0.045194564922167 0.209390225243876 0.153999806400053 0.014824597070159 0.592864803853984 0.111082013567177 0.629531950187119 3.3687526494984 3.32704176318276 0.026501471399407 0.021939769224089 2.75136222245467
0.074334218266301 -7.979443757221225 0.147604222958287 0.070670662731724 0.680711975715101 2.50773703190479 0.121635259345877 0.217695106921922 1.28336660965315 0.028420823631666 0.052763470894603 1.63188537324559 0.022385985045602 0.015357906856835 0.130198008920776 0.309426794229233 0.108593900562422 0.321740677303678 0.18276250189497 0.072153227138698
0.023989052404375 0.147604222958287 -17.214009225393557 3.47172283031031 0.279969423012186 1.2871889911242 1.15908247336683 0.551419739432016 1.72863495154574 0.310892189643074 0.07511461895414 2.64231972707169 0.566989926203939 0.194205108317926 0.224156768337257 2.08446924721197 1.18626534249367 0.07539864384053 1.1391650413338 0.065420927831618
0.100963342614647 0.070670662731724 3.47172283031031 -13.113616528551288 0.058303793678473 0.204531412187402 6.96250928999517 0.591216665513239 0.358935283425829 0.017124804150076 0.010524108790355 0.096074070570356 0.049089594364154 0.017157066137171 0.104690593123746 0.505643420742551 0.141991497203378 0.071630764347683 0.192759935895995 0.088077392769029
1.30366367453432 0.680711975715101 0.279969423012186 0.058303793678473 -13.285356117855422 0.163006102797533 0.047068462172608 0.883545088581823 0.341191895523187 0.287547507980951 0.381393499442539 0.004392611242955 0.461585949365546 0.887097013161053 0.069312726274898 3.0427840238859 0.73686162925523 0.758571851571138 1.34295198381899 1.55539690584099
0.090980768607678 2.50773703190479 1.2871889911242 0.204531412187402 0.163006102797533 -16.588948552417936 2.55996510601355 0.114080027367971 4.70803070378697 0.025100268959888 0.211473478410575 1.93367217353082 0.397060773175627 0.052545508981788 0.581011232595414 0.538789467484127 0.554297413280946 0.118046810781257 0.476209340516188 0.065221940911213
0.145240519903769 0.121635259345877 1.15908247336683 6.96250928999517 0.047068462172608 2.55996510601355 -14.674523225188373 0.599017294392986 0.217387593044928 0.020795063681971 0.033099595760156 1.17248689200506 0.189458582216537 0.027169124132346 0.120987616604934 0.580233013906702 0.241928620228513 0.107622585950948 0.13764964594012 0.231186486525368
1.93155428137798 0.217695106921922 0.551419739432016 0.591216665513239 0.883545088581823 0.114080027367971 0.599017294392986 -8.301515607392428 0.064352344259052 0.024809855076054 0.050781943687214 0.156144354542233 0.207637097945128 0.103612477554992 0.028323516670589 2.02014026494357 0.043791194483515 0.244698162120696 0.072268115092742 0.396428077428706
0.045194564922167 1.28336660965315 1.72863495154574 0.358935283425829 0.341191895523187 4.70803070378697 0.217387593044928 0.064352344259052 -12.688283085684738 0.025529460788212 0.080842277663076 0.250218937912385 0.070807578676957 0.151813232274683 0.312042686182876 0.368422261631036 0.270595503761755 0.081171865531241 2.32170190031887 0.008043434782625
0.209390225243876 0.028420823631666 0.310892189643074 0.017124804150076 0.287547507980951 0.025100268959888 0.020795063681971 0.024809855076054 0.025529460788212 -17.85855105457673 2.15957327717034 0.100258540896568 2.83088827564424 0.879509584196026 0.070886389645433 0.126690032323967 1.95851803959247 0.062889026844379 0.177138315144646 8.54258937396289
0.153999806400053 0.052763470894603 0.07511461895414 0.010524108790355 0.381393499442539 0.211473478410575 0.033099595760156 0.050781943687214 0.080842277663076 2.15957327717034 -10.735131479945693 0.081982070207159 3.49491517203337 1.73513889094417 0.154372892250818 0.225488005804762 0.298279746688054 0.298463138614697 0.161052630578922 1.07587285565069
0.014824597070159 1.63188537324559 2.64231972707169 0.096074070570356 0.004392611242955 1.93367217353082 1.17248689200506 0.156144354542233 0.250218937912385 0.100258540896568 0.081982070207159 -10.962516112991807 0.694473233210596 0.098766126493534 0.183146598741331 0.879840867063512 0.511283878486367 0.106016335593449 0.348477651608884 0.056252073499162
0.592864803853984 0.022385985045602 0.566989926203939 0.049089594364154 0.461585949365546 0.397060773175627 0.189458582216537 0.207637097945128 0.070807578676957 2.83088827564424 3.49491517203337 0.694473233210596 -15.570098531958104 0.916539999383854 0.092516642993328 0.633585250565799 2.19205866017619 0.254195659321696 0.393193176722666 1.50985217105889
0.111082013567177 0.015357906856835 0.194205108317926 0.017157066137171 0.887097013161053 0.052545508981788 0.027169124132346 0.103612477554992 0.151813232274683 0.879509584196026 1.73513889094417 0.098766126493534 0.916539999383854 -10.063568411571035 0.10510813395673 0.398961585415302 0.121269516492174 0.478876889449168 3.23468151012688 0.534676724129225
0.629531950187119 0.130198008920776 0.224156768337257 0.104690593123746 0.069312726274898 0.581011232595414 0.120987616604934 0.028323516670589 0.312042686182876 0.070886389645433 0.154372892250818 0.183146598741331 0.092516642993328 0.10510813395673 -4.899821294070703 1.04250971999595 0.746916803233159 0.05973782510486 0.08139531644186 0.162975872809625
3.3687526494984 0.309426794229233 2.08446924721197 0.505643420742551 3.0427840238859 0.538789467484127 0.580233013906702 2.02014026494357 0.368422261631036 0.126690032323967 0.225488005804762 0.879840867063512 0.633585250565799 0.398961585415302 1.04250971999595 -20.886362042451843 3.83329876167988 0.204318441272591 0.345719568712117 0.377288666084473
3.32704176318276 0.108593900562422 1.18626534249367 0.141991497203378 0.73686162925523 0.554297413280946 0.241928620228513 0.043791194483515 0.270595503761755 1.95851803959247 0.298279746688054 0.511283878486367 2.19205866017619 0.121269516492174 0.746916803233159 3.83329876167988 -18.383088676761584 0.049859203056311 0.174898633040519 1.88533856986427
0.026501471399407 0.321740677303678 0.07539864384053 0.071630764347683 0.758571851571138 0.118046810781257 0.107622585950948 0.244698162120696 0.081171865531241 0.062889026844379 0.298463138614697 0.106016335593449 0.254195659321696 0.478876889449168 0.05973782510486 0.204318441272591 0.049859203056311 -4.085002558998324 0.636664640334042 0.128598566560553
0.021939769224089 0.18276250189497 1.1391650413338 0.192759935895995 1.34295198381899 0.476209340516188 0.13764964594012 0.072268115092742 2.32170190031887 0.177138315144646 0.161052630578922 0.348477651608884 0.393193176722666 3.23468151012688 0.08139531644186 0.345719568712117 0.174898633040519 0.636664640334042 -11.520975760607852 0.080346083861554
2.75136222245467 0.072153227138698 0.065420927831618 0.088077392769029 1.55539690584099 0.065221940911213 0.231186486525368 0.396428077428706 0.008043434782625 8.54258937396289 1.07587285565069 0.056252073499162 1.50985217105889 0.534676724129225 0.162975872809625 0.377288666084473 1.88533856986427 0.128598566560553 0.080346083861554 -19.587081573164244

